0.00000000
0.00173333
0.00346667
0.00520000
0.00693333
0.00866667
0.01040000
0.01213333
0.01386667
0.01560000
0.01733334
0.01906667
0.02080000
0.02253333
0.02426667
0.02600000
0.02773333
0.02946667
0.03120000
0.03293333
0.03466666
0.03640000
0.03813333
0.03986666
0.04160000
0.04333333
0.04506666
0.04680000
0.04853333
0.05026666
0.05199999
0.05373333
0.05546666
0.05719999
0.05893333
0.06066666
0.06239999
0.06413332
0.06586666
0.06759999
0.06933332
0.07106666
0.07279999
0.07453332
0.07626665
0.07799999
0.07973332
0.08146665
0.08319999
0.08493332
0.08666665
0.08839998
0.09013332
0.09186665
0.09359998
0.09533332
0.09706665
0.09879998
0.10053330
0.10226660
0.10400000
0.10573330
0.10746660
0.10920000
0.11093330
0.11266660
0.11440000
0.11613330
0.11786660
0.11960000
0.12133330
0.12306660
0.12480000
0.12653330
0.12826660
0.13000000
0.13173330
0.13346660
0.13520000
0.13693330
0.13866660
0.14040000
0.14213330
0.14386660
0.14560000
0.14733330
0.14906660
0.15080000
0.15253330
0.15426660
0.15600000
0.15773330
0.15946660
0.16120000
0.16293330
0.16466660
0.16640000
0.16813330
0.16986660
0.17160000
0.17333330
0.17506660
0.17680000
0.17853330
0.18026660
0.18200000
0.18373330
0.18546660
0.18720000
0.18893330
0.19066660
0.19240000
0.19413330
0.19586660
0.19760000
0.19933330
0.20106660
0.20280000
0.20453330
0.20626660
0.20800000
0.20973330
0.21146660
0.21320000
0.21493330
0.21666660
0.21840000
0.22013330
0.22186660
0.22360000
0.22533330
0.22706660
0.22880000
0.23053330
0.23226660
0.23400000
0.23573330
0.23746660
0.23920000
0.24093330
0.24266660
0.24439990
0.24613330
0.24786660
0.24959990
0.25133330
0.25306660
0.25480000
0.25653330
0.25826660
0.26000000
0.26173330
0.26346660
0.26520000
0.26693330
0.26866660
0.27040000
0.27213330
0.27386660
0.27560000
0.27733330
0.27906660
0.28080000
0.28253330
0.28426660
0.28600000
0.28773330
0.28946660
0.29120000
0.29293330
0.29466660
0.29640000
0.29813330
0.29986660
0.30159990
0.30333330
0.30506660
0.30679990
0.30853330
0.31026660
0.31199990
0.31373330
0.31546660
0.31719990
0.31893330
0.32066660
0.32239990
0.32413330
0.32586660
0.32759990
0.32933330
0.33106660
0.33279990
0.33453330
0.33626660
0.33799990
0.33973330
0.34146660
0.34319990
0.34493330
0.34666660
0.34839990
0.35013330
0.35186660
0.35359990
0.35533330
0.35706660
0.35879990
0.36053330
0.36226660
0.36399990
0.36573330
0.36746660
0.36919990
0.37093330
0.37266660
0.37439990
0.37613330
0.37786660
0.37959990
0.38133330
0.38306660
0.38479990
0.38653330
0.38826660
0.38999990
0.39173330
0.39346660
0.39519990
0.39693330
0.39866660
0.40039990
0.40213330
0.40386660
0.40559990
0.40733330
0.40906660
0.41079990
0.41253330
0.41426660
0.41599990
0.41773330
0.41946660
0.42119990
0.42293330
0.42466660
0.42639990
0.42813320
0.42986660
0.43159990
0.43333320
0.43506660
0.43679990
0.43853320
0.44026660
0.44199990
0.44373320
0.44546660
0.44719990
0.44893320
0.45066660
0.45239990
0.45413320
0.45586660
0.45759990
0.45933320
0.46106660
0.46279990
0.46453320
0.46626660
0.46799990
0.46973320
0.47146660
0.47319990
0.47493320
0.47666660
0.47839990
0.48013320
0.48186660
0.48359990
0.48533320
0.48706660
0.48879990
0.49053320
0.49226660
0.49399990
0.49573320
0.49746660
0.49919990
0.50093320
0.50266660
0.50440000
0.50613330
0.50786670
0.50960000
0.51133340
0.51306680
0.51480010
0.51653350
0.51826690
0.52000020
0.52173360
0.52346690
0.52520030
0.52693370
0.52866700
0.53040040
0.53213380
0.53386710
0.53560050
0.53733380
0.53906720
0.54080060
0.54253390
0.54426730
0.54600070
0.54773400
0.54946740
0.55120070
0.55293410
0.55466750
0.55640080
0.55813420
0.55986760
0.56160090
0.56333430
0.56506760
0.56680100
0.56853440
0.57026770
0.57200110
0.57373450
0.57546780
0.57720120
0.57893460
0.58066790
0.58240130
0.58413460
0.58586800
0.58760140
0.58933470
0.59106810
0.59280150
0.59453480
0.59626820
0.59800150
0.59973490
0.60146830
0.60320160
0.60493500
0.60666840
0.60840170
0.61013510
0.61186840
0.61360180
0.61533520
0.61706850
0.61880190
0.62053530
0.62226860
0.62400200
0.62573530
0.62746870
0.62920210
0.63093540
0.63266880
0.63440220
0.63613550
0.63786890
0.63960220
0.64133560
0.64306900
0.64480230
0.64653570
0.64826910
0.65000240
0.65173580
0.65346910
0.65520250
0.65693590
0.65866920
0.66040260
0.66213600
0.66386930
0.66560270
0.66733600
0.66906940
0.67080280
0.67253610
0.67426950
0.67600290
0.67773620
0.67946960
0.68120290
0.68293630
0.68466970
0.68640300
0.68813640
0.68986980
0.69160310
0.69333650
0.69506980
0.69680320
0.69853660
0.70026990
0.70200330
0.70373670
0.70547000
0.70720340
0.70893680
0.71067010
0.71240350
0.71413680
0.71587020
0.71760360
0.71933690
0.72107030
0.72280370
0.72453700
0.72627040
0.72800370
0.72973710
0.73147050
0.73320380
0.73493720
0.73667060
0.73840390
0.74013730
0.74187060
0.74360400
0.74533740
0.74707070
0.74880410
0.75053750
0.75227080
0.75400420
0.75573750
0.75747090
0.75920430
0.76093760
0.76267100
0.76440440
0.76613770
0.76787110
0.76960440
0.77133780
0.77307120
0.77480450
0.77653790
0.77827130
0.78000460
0.78173800
0.78347130
0.78520470
0.78693810
0.78867140
0.79040480
0.79213820
0.79387150
0.79560490
0.79733820
0.79907160
0.80080500
0.80253830
0.80427170
0.80600510
0.80773840
0.80947180
0.81120510
0.81293850
0.81467190
0.81640520
0.81813860
0.81987200
0.82160530
0.82333870
0.82507210
0.82680540
0.82853880
0.83027210
0.83200550
0.83373890
0.83547220
0.83720560
0.83893900
0.84067230
0.84240570
0.84413900
0.84587240
0.84760580
0.84933910
0.85107250
0.85280590
0.85453920
0.85627260
0.85800590
0.85973930
0.86147270
0.86320600
0.86493940
