-0.2299924
-0.2110449
-0.1922754
-0.1720811
-0.1492294
-0.124308
-0.09789996
-0.07040735
-0.04103258
-0.01083211
0.01854407
0.04720541
0.075388
0.1016318
0.1249128
0.1459296
0.1649042
0.1819793
0.1972978
0.2110024
0.2232358
0.2341407
0.24386
0.2525363
0.2600721
0.2661518
0.2715431
0.2771623
0.2838751
0.2898363
0.2926598
0.2916383
0.2877005
0.2809144
0.271348
0.2590693
0.2441463
0.226647
0.2066395
0.1841916
0.1593714
0.1314702
0.1009845
0.06978997
0.03906486
0.007881999
-0.02319461
-0.05348887
-0.08305332
-0.1120833
-0.1406711
-0.168909
-0.196889
-0.2247035
-0.2524446
-0.2802047
-0.3080759
-0.3362895
-0.3659589
-0.3952772
-0.4216849
-0.4448977
-0.4656061
-0.4827129
-0.4954579
-0.504512
-0.5102878
-0.5131403
-0.5134246
-0.5114958
-0.507709
-0.5024193
-0.4959817
-0.4887514
-0.4809539
-0.4724268
-0.463288
-0.4536839
-0.4437608
-0.4336652
-0.4235435
-0.413542
-0.4038072
-0.3944854
-0.3856799
-0.3772828
-0.3691891
-0.3612996
-0.3535154
-0.3457375
-0.3378669
-0.3298045
-0.3214514
-0.3127085
-0.3035675
-0.2940421
-0.2836703
-0.2719379
-0.2585035
-0.2441734
