0.2745973
0.2541896
0.2335239
0.2126058
0.1914406
0.1700339
0.1483909
0.1265174
0.1044185
0.08209987
0.05956689
0.03681549
0.01393013
-0.008812015
-0.03140818
-0.0542311
-0.0773145
-0.1005874
-0.124006
-0.1475196
-0.1708705
-0.1937368
-0.2158369
-0.2368888
-0.2566107
-0.2747207
-0.2909372
-0.3049781
-0.3165618
-0.3254063
-0.3313931
-0.3346817
-0.3352467
-0.3330575
-0.3280837
-0.3202945
-0.3096594
-0.2961478
-0.2795948
-0.2601685
-0.240116
-0.2196949
-0.1982202
-0.1751258
-0.1498297
-0.1219167
-0.09240127
-0.06171528
-0.02953276
0.004369166
0.03950689
0.07557598
0.112632
0.1504357
0.1887482
0.2273302
0.2659426
0.3043463
0.3423023
0.3795713
0.4159143
0.4510922
0.4848658
0.516996
0.5472438
0.5753701
0.6011355
0.6242588
0.6440555
0.6604447
0.6735415
0.6834605
0.6903166
0.6942248
0.6952996
0.6936562
0.6894091
0.6826735
0.6735638
0.6621951
0.6486823
0.6331401
0.6158409
0.5973619
0.5779845
0.5579738
0.5375953
0.5171143
0.4967963
0.4769064
0.4576653
0.4388441
0.420309
0.4019954
0.3838384
0.3657736
0.3477361
0.3296614
0.3114846
0.2931413
