-0.05605729
-0.05720954
-0.05848571
-0.06007946
-0.06183724
-0.06372508
-0.06571028
-0.06784516
-0.07029636
-0.07302383
-0.07597792
-0.07910895
-0.08236726
-0.08573852
-0.08923641
-0.09246644
-0.09498231
-0.09634074
-0.09646753
-0.09596742
-0.095516
-0.09577797
-0.09677196
-0.0982915
-0.1003223
-0.1028501
-0.1058605
-0.1093394
-0.1132723
-0.117645
-0.1224947
-0.1276453
-0.1326279
-0.1369699
-0.1403274
-0.1428981
-0.1447725
-0.1460189
-0.1467055
-0.1469005
-0.1466723
-0.1460891
-0.1452208
-0.1442098
-0.1432975
-0.1427321
-0.142755
-0.1432303
-0.1439822
-0.1449759
-0.1461767
-0.1475497
-0.1490602
-0.1506735
-0.1523547
-0.154069
-0.1557818
-0.1574499
-0.1589676
-0.1602004
-0.1610139
-0.1612735
-0.1608447
-0.1595932
-0.1573843
-0.1541124
-0.1499787
-0.1451568
-0.1397787
-0.1339763
-0.1278818
-0.1216272
-0.1153445
-0.1091658
-0.1032231
-0.09764843
-0.09242573
-0.08748204
-0.08286425
-0.07861925
-0.07465432
-0.07137636
-0.06964982
-0.06909175
-0.06914522
-0.06926597
-0.06905672
-0.06863199
-0.06760778
-0.06601927
-0.06408484
-0.06200659
-0.05998658
-0.0582269
-0.05692372
-0.05607978
-0.05560229
-0.05542655
-0.05548787
-0.05572157
