-0.6899296
-0.6909105
-0.6915601
-0.692128
-0.6928634
-0.6940156
-0.695834
-0.6985679
-0.7024667
-0.7077796
-0.7147562
-0.7236347
-0.7341422
-0.745863
-0.7585247
-0.771855
-0.7855818
-0.7994329
-0.8131359
-0.8264187
-0.839009
-0.8506346
-0.8610898
-0.8708792
-0.8801836
-0.8890225
-0.8974155
-0.9053821
-0.9129421
-0.9201149
-0.9269201
-0.9333775
-0.9395065
-0.9453268
-0.9508579
-0.9561195
-0.9611312
-0.9659125
-0.9704831
-0.9748625
-0.9790703
-0.9831262
-0.9870496
-0.9908603
-0.9945779
-0.9982219
-1.001812
-1.005367
-1.008908
-1.012429
-1.01565
-1.018506
-1.021015
-1.023198
-1.025074
-1.026661
-1.027981
-1.029051
-1.029892
-1.030523
-1.030963
-1.031232
-1.031349
-1.030941
-1.02935
-1.026649
-1.022924
-1.018261
-1.012747
-1.006469
-0.9995117
-0.991963
-0.9839091
-0.9754362
-0.966631
-0.9575797
-0.948369
-0.9390852
-0.9298149
-0.9206444
-0.9116603
-0.9029489
-0.8943479
-0.8855311
-0.8764619
-0.8671056
-0.8574277
-0.8473934
-0.8369681
-0.8261171
-0.8148058
-0.8029995
-0.7906636
-0.7777633
-0.7642641
-0.7501312
-0.7353301
-0.719826
-0.7035843
-0.6865703
