-0.2813652
-0.2579074
-0.2342614
-0.2102282
-0.1856092
-0.1602052
-0.1337205
-0.1064007
-0.0793848
-0.05256809
-0.02639939
-0.001986447
0.02107285
0.04187603
0.05982454
0.07517722
0.08741606
0.0964537
0.102437
0.1053734
0.1052033
0.1022712
0.09696176
0.08965971
0.08074972
0.07061647
0.05964463
0.04790045
0.03535068
0.02346739
0.01274831
0.002811573
-0.006278322
-0.01438781
-0.02204703
-0.02966581
-0.03709218
-0.04439948
-0.05167354
-0.05900013
-0.06642958
-0.07383002
-0.08119506
-0.08854458
-0.09589846
-0.1032815
-0.1108284
-0.1186558
-0.1268477
-0.135488
-0.1446608
-0.1544502
-0.1649401
-0.1761427
-0.1876911
-0.2004256
-0.2151754
-0.2315944
-0.249345
-0.2681103
-0.2875733
-0.307417
-0.3273244
-0.3469787
-0.3660627
-0.3842596
-0.4012524
-0.4167241
-0.4303578
-0.4418438
-0.4510624
-0.458085
-0.4629909
-0.4658594
-0.4667695
-0.4658007
-0.4630321
-0.4586314
-0.4530395
-0.4465428
-0.4394121
-0.4319183
-0.4243324
-0.416925
-0.4099671
-0.4037037
-0.3981
-0.3929586
-0.3880803
-0.3832661
-0.3783171
-0.3730341
-0.3672181
-0.3606701
-0.3531911
-0.3445892
-0.3347429
-0.3232791
-0.3095643
-0.2936135
