0.0057162
0.01227196
0.01856455
0.02358654
0.02752932
0.03019704
0.0313166
0.03061492
0.02769243
0.02298436
0.01788842
0.01264402
0.004497939
-0.008908065
-0.02383507
-0.03590964
-0.04649436
-0.05700361
-0.06743421
-0.07789704
-0.08858497
-0.09917755
-0.109294
-0.1185537
-0.126576
-0.1329804
-0.1373861
-0.1394518
-0.139311
-0.1373786
-0.1340723
-0.1298107
-0.1250784
-0.1192091
-0.1111419
-0.1011629
-0.09020464
-0.07864654
-0.06537665
-0.04890125
-0.03074145
-0.01410416
0.001484862
0.01572939
0.02842152
0.0396799
0.04953608
0.0580216
0.06534401
0.07216559
0.07558304
0.07311215
0.06731249
0.06164994
0.05542866
0.04634496
0.03391666
0.01891589
0.001677241
-0.01791553
-0.04002953
-0.06508362
-0.08993763
-0.1130445
-0.1360219
-0.1607101
-0.1863038
-0.2085091
-0.227192
-0.2432908
-0.2571859
-0.2692574
-0.2797738
-0.2884546
-0.2952628
-0.3002131
-0.30332
-0.3045983
-0.3040625
-0.3017223
-0.2974632
-0.2910426
-0.2822124
-0.2707246
-0.2563311
-0.2387839
-0.2176512
-0.1916041
-0.166175
-0.1456447
-0.1279384
-0.1120205
-0.09687639
-0.0814769
-0.06478298
-0.04871477
-0.03554478
-0.02436871
-0.01378476
-0.003941043
