-0.07776228
-0.06950361
-0.06119542
-0.0523096
-0.04243146
-0.03266675
-0.02408891
-0.01630264
-0.009751163
-0.004749218
-0.001105818
0.001219713
0.002175953
0.001866752
0.0003864538
-0.002434219
-0.005969745
-0.009741262
-0.01397828
-0.01868438
-0.02414877
-0.02990738
-0.03503597
-0.03941759
-0.04375598
-0.04864888
-0.05393723
-0.05934398
-0.0646057
-0.06945898
-0.07365202
-0.07720791
-0.08016914
-0.08251537
-0.08422622
-0.08528132
-0.0856603
-0.0853428
-0.08430722
-0.08249933
-0.07996724
-0.07680548
-0.07310857
-0.06897102
-0.06448735
-0.05975209
-0.054859
-0.04970358
-0.04452613
-0.03983884
-0.03568578
-0.0317939
-0.02792454
-0.0241326
-0.02070659
-0.01776227
-0.01523265
-0.01319671
-0.01179313
-0.01071344
-0.00958025
-0.008475427
-0.007485285
-0.006495018
-0.005600783
-0.005473441
-0.006415734
-0.007978573
-0.009689898
-0.01163425
-0.01385093
-0.01631054
-0.01898367
-0.02184086
-0.02480328
-0.02795934
-0.03151686
-0.03568367
-0.04066759
-0.04669129
-0.05377475
-0.06158709
-0.06977863
-0.07799966
-0.0859234
-0.09372943
-0.1009197
-0.1067716
-0.1114513
-0.1149777
-0.1172878
-0.1183189
-0.1180084
-0.1163682
-0.1134925
-0.1094653
-0.1043707
-0.09829235
-0.09108012
-0.08266083
