-0.8316884
-0.8474018
-0.8632148
-0.8788289
-0.8939457
-0.9082667
-0.9214934
-0.9333273
-0.9434701
-0.9516231
-0.9574881
-0.9612645
-0.9632601
-0.9633383
-0.9613626
-0.9571964
-0.9507032
-0.9415638
-0.928246
-0.9129416
-0.8988173
-0.8879808
-0.8783234
-0.866688
-0.8506855
-0.8314108
-0.8096188
-0.7859423
-0.7610143
-0.7354679
-0.709936
-0.6850516
-0.6614477
-0.6397573
-0.6204258
-0.603127
-0.587704
-0.5740328
-0.5619897
-0.5514506
-0.5422915
-0.5343885
-0.5276179
-0.5218554
-0.5169774
-0.5128597
-0.5093785
-0.5064407
-0.5043357
-0.5031001
-0.5026502
-0.5029021
-0.503772
-0.5051761
-0.5070305
-0.5092515
-0.5117551
-0.5144576
-0.5172752
-0.5201239
-0.5229201
-0.5255798
-0.5280192
-0.5301546
-0.5318508
-0.5328654
-0.5331196
-0.5325475
-0.5310836
-0.528662
-0.5252171
-0.5207516
-0.5157397
-0.510822
-0.5066394
-0.5038327
-0.5030428
-0.504846
-0.5088758
-0.5149809
-0.5232238
-0.5336677
-0.5463754
-0.5614098
-0.5792875
-0.6003391
-0.6221821
-0.6424236
-0.6612558
-0.679162
-0.6962156
-0.7124901
-0.7280589
-0.7429956
-0.7573735
-0.7712662
-0.7847471
-0.7978897
-0.8107674
-0.8234538
