0.008269986
0.007171602
0.006072826
0.004962216
0.003800048
0.002716466
0.001832758
0.001099922
0.0004792643
-2.615241E-05
-0.0004297251
-0.0007692995
-0.001042889
-0.001228927
-0.001307554
-0.001291782
-0.001215563
-0.001057419
-0.0008675514
-0.0007149555
-0.0005777634
-0.0004804377
-0.0004455058
-0.0004543086
-0.0004832049
-0.0005530503
-0.0006089691
-0.0005866831
-0.0005075402
-0.0004067151
-0.0002944046
-0.0001632757
-1.469229E-05
0.0001546731
0.0003331237
0.0005171711
0.00070724
0.0008736605
0.001011755
0.001125812
0.001210114
0.001261895
0.001303614
0.001326898
0.001348062
0.001456858
0.001660072
0.001939817
0.002302013
0.002750014
0.003227652
0.003709374
0.004214087
0.004753741
0.005356719
0.005928915
0.006383832
0.00675124
0.007044977
0.007276222
0.007456156
0.007595959
0.007706812
0.007799893
0.007861034
0.007902173
0.008012678
0.00820049
0.008436327
0.008707546
0.009001502
0.009305552
0.009607051
0.009893355
0.01015337
0.01039768
0.01062391
0.01082265
0.01098448
0.01109993
0.01113984
0.0111389
0.01117114
0.01124333
0.01129267
0.01126347
0.01118367
0.01112186
0.01109519
0.01108091
0.01107811
0.01110445
0.01106318
0.01088477
0.01061407
0.01029778
0.009947572
0.009534116
0.009021628
0.008413463
