-6.098791
-6.027003
-5.954839
-5.882306
-5.809412
-5.736166
-5.662575
-5.588648
-5.514392
-5.439816
-5.364927
-5.289734
-5.214245
-5.138468
-5.06241
-4.986081
-4.909487
-4.832637
-4.755539
-4.678201
-4.600631
-4.522837
-4.444827
-4.36661
-4.288192
-4.209583
-4.13079
-4.051821
-3.972685
-3.893389
-3.813941
-3.73435
-3.654623
-3.574769
-3.494796
-3.414711
-3.334522
-3.254239
-3.173868
-3.093418
-3.012897
-2.932315
-2.851824
-2.771492
-2.691301
-2.611234
-2.531271
-2.451396
-2.371588
-2.291831
-2.212107
-2.132397
-2.052683
-1.972946
-1.89317
-1.813335
-1.733423
-1.653417
-1.573298
-1.493048
-1.412648
-1.332082
-1.25133
-1.170374
-1.089197
-1.00777
-0.9258674
-0.8435674
-0.761102
-0.6787033
-0.5966032
-0.5150335
-0.4342262
-0.354413
-0.2754904
-0.1964233
-0.1164986
-0.03523797
0.04651688
0.1282445
0.2098489
0.2912246
0.3722662
0.4528683
0.5329257
0.6123328
0.6909844
0.768775
0.8460572
0.9241057
1.002791
1.081877
1.161127
1.240303
1.319169
1.397489
1.475025
1.551541
1.6268
1.700565
