-0.8649588
-0.8764464
-0.8866489
-0.8949986
-0.9009278
-0.9038687
-0.9032536
-0.8985146
-0.8890873
-0.8755993
-0.8595434
-0.8419436
-0.8238231
-0.8062059
-0.7901154
-0.7765754
-0.7666095
-0.7612413
-0.7613558
-0.7664705
-0.7755725
-0.7876789
-0.8018067
-0.8169733
-0.8321956
-0.8464907
-0.8588759
-0.8683683
-0.8751872
-0.8803532
-0.8841751
-0.8869621
-0.8890228
-0.8906665
-0.8922019
-0.8939381
-0.896184
-0.8991694
-0.9025813
-0.9063058
-0.9102981
-0.9145132
-0.9189063
-0.9234327
-0.9280475
-0.9327058
-0.9373627
-0.9419735
-0.9464933
-0.9508774
-0.9550807
-0.9590586
-0.9627662
-0.9661586
-0.969191
-0.9718184
-0.9739963
-0.9756796
-0.9768236
-0.9773834
-0.9773142
-0.9765711
-0.9751132
-0.9733958
-0.9716781
-0.9698534
-0.967815
-0.9654561
-0.9626701
-0.9593501
-0.9553895
-0.9506814
-0.9451191
-0.938596
-0.9310052
-0.9219915
-0.909371
-0.8932047
-0.8741754
-0.8529657
-0.8302586
-0.8067387
-0.7840995
-0.7640838
-0.74769
-0.7359166
-0.7296712
-0.7279954
-0.7300141
-0.7352975
-0.7434154
-0.7539377
-0.7664344
-0.7804754
-0.7956308
-0.8114704
-0.8275642
-0.8436021
-0.8604273
-0.8667375
