0.1584502
0.1932671
0.2282491
0.2632722
0.2982122
0.332945
0.3673467
0.4012931
0.43466
0.4673235
0.4991596
0.530044
0.5598526
0.5883806
0.6150046
0.6394852
0.6616626
0.6813767
0.6984678
0.7127758
0.724141
0.7324092
0.7377552
0.740419
0.740527
0.7382058
0.7335817
0.7267811
0.7179306
0.7071567
0.6945856
0.680344
0.6645582
0.6473548
0.6291049
0.610749
0.5925143
0.5745673
0.5570747
0.5402032
0.5240327
0.5079385
0.4917764
0.4755632
0.4593159
0.4430513
0.4267863
0.4105379
0.3943229
0.3781583
0.3620609
0.3459087
0.3294867
0.312673
0.2953454
0.2773818
0.2586601
0.2390581
0.2184538
0.196725
0.1737496
0.1494176
0.1237814
0.09701033
0.06927583
0.04072981
0.01142477
-0.01836512
-0.04831841
-0.07817988
-0.1083795
-0.1367698
-0.1626712
-0.1865035
-0.2080889
-0.2272495
-0.2438076
-0.2575853
-0.2684051
-0.2760888
-0.280459
-0.2813376
-0.2786297
-0.2725319
-0.2632104
-0.2508258
-0.2355386
-0.2175092
-0.1969425
-0.174283
-0.1497833
-0.123654
-0.09610559
-0.06734852
-0.03757891
-0.006694391
0.02520864
0.05790235
0.0911589
0.1247505
