0.03630977
0.05118193
0.06596181
0.08070377
0.09546216
0.1102914
0.1252457
0.1404576
0.1561764
0.1723225
0.1887908
0.205476
0.2222729
0.2390761
0.2557805
0.2722809
0.288472
0.3042485
0.3196098
0.335039
0.3506321
0.3664134
0.3824075
0.3986388
0.4151317
0.4319105
0.4489999
0.4664241
0.4842077
0.5023749
0.5209504
0.5396878
0.5581235
0.5762661
0.5941342
0.611746
0.6291199
0.6462743
0.6632274
0.6799979
0.6966039
0.7130638
0.729396
0.7456189
0.7617507
0.77781
0.793815
0.8097841
0.8257357
0.841688
0.8576597
0.8736689
0.889734
0.9058734
0.9221054
0.9384485
0.9548684
0.9709989
0.9868116
1.002362
1.017705
1.032898
1.047995
1.063051
1.078123
1.093266
1.108536
1.123988
1.139678
1.155668
1.171986
1.188598
1.205469
1.222563
1.239844
1.257277
1.274827
1.292457
1.310133
1.327818
1.345477
1.363075
1.380576
1.397944
1.415144
1.43214
1.448897
1.465378
1.48155
1.497375
1.512818
1.528055
1.543988
1.560229
1.576194
1.591302
1.60497
1.616615
1.625654
1.631504
