-0.9257115
-0.9247774
-0.922806
-0.9197593
-0.9155994
-0.9102882
-0.903788
-0.8960606
-0.8870682
-0.8767728
-0.8651366
-0.8521214
-0.8376894
-0.8218026
-0.8044232
-0.785513
-0.7650343
-0.7429491
-0.7192193
-0.6938604
-0.6672716
-0.6399125
-0.6122285
-0.5846652
-0.5576683
-0.5316831
-0.5071552
-0.4845303
-0.4642537
-0.4467705
-0.4322062
-0.4204378
-0.4114714
-0.4053133
-0.4019699
-0.4014473
-0.4037517
-0.4088895
-0.4168669
-0.4276901
-0.4413991
-0.4580474
-0.4773335
-0.4989156
-0.5224517
-0.5476
-0.5740187
-0.6013659
-0.6292996
-0.6574781
-0.6855594
-0.7132018
-0.7400632
-0.7658019
-0.790076
-0.8125436
-0.8328876
-0.8510637
-0.8671938
-0.8814023
-0.8938136
-0.9045519
-0.9137416
-0.9215071
-0.9279726
-0.9332623
-0.9375008
-0.9408122
-0.9433209
-0.9451512
-0.9464275
-0.9472739
-0.947815
-0.948175
-0.9484447
-0.9482533
-0.947516
-0.9463002
-0.9446734
-0.942703
-0.9404565
-0.9380013
-0.9354048
-0.9327346
-0.930058
-0.9274426
-0.9249556
-0.9226646
-0.9206371
-0.9189405
-0.9176422
-0.9168097
-0.9165104
-0.9166421
-0.916949
-0.9173775
-0.9178761
-0.9183931
-0.918877
-0.9192764
