0.0314321
0.0571066
0.08275118
0.1083694
0.1339647
0.1595407
0.1851009
0.2106489
0.2361881
0.2617221
0.2872544
0.3127886
0.3383282
0.3638766
0.3894376
0.4150146
0.440611
0.4663058
0.4927249
0.5190631
0.5441254
0.567797
0.5908478
0.6134101
0.6356155
0.6575965
0.679485
0.701413
0.7235127
0.7459161
0.7687554
0.7919613
0.8153526
0.8388935
0.8625484
0.8862812
0.9100563
0.9338378
0.9575899
0.9812769
1.004863
1.028312
1.051589
1.074657
1.097481
1.120025
1.142253
1.164158
1.186083
1.208133
1.230301
1.25258
1.274965
1.297447
1.32002
1.342679
1.365414
1.388221
1.411093
1.434021
1.457001
1.480025
1.503086
1.526178
1.549294
1.572427
1.59557
1.618718
1.641862
1.664996
1.688115
1.711286
1.734582
1.757994
1.781515
1.805139
1.828858
1.852665
1.876553
1.900515
1.924544
1.948632
1.972773
1.996959
2.021183
2.045438
2.069717
2.094013
2.118319
2.142627
2.166931
2.191223
2.215496
2.239743
2.263957
2.288131
2.312258
2.33633
2.360341
2.384283
