0.3246173
0.2912149
0.2578987
0.2238938
0.1884839
0.1518435
0.1148244
0.07815193
0.04103415
0.004351608
-0.03040092
-0.0628743
-0.09363347
-0.1225548
-0.1495147
-0.1743895
-0.1970557
-0.2173231
-0.2346309
-0.2499162
-0.2644872
-0.2790343
-0.2928151
-0.3049895
-0.315018
-0.3234369
-0.3303268
-0.3357088
-0.3396041
-0.3420339
-0.3430194
-0.3425817
-0.3407422
-0.3375219
-0.3329419
-0.3270237
-0.3197883
-0.3112684
-0.3016361
-0.2909617
-0.2792695
-0.2665834
-0.252928
-0.2383274
-0.2228057
-0.2063874
-0.1890965
-0.1709574
-0.1519942
-0.1322313
-0.1116928
-0.09065904
-0.06897613
-0.04601678
-0.02127201
0.005052205
0.03260233
0.0610316
0.09018636
0.1204892
0.1524444
0.1862995
0.2217161
0.25832
0.2957371
0.3335932
0.3715142
0.409126
0.4460543
0.4819251
0.5163643
0.5501149
0.5828551
0.6126122
0.6379421
0.6596035
0.6779072
0.6930727
0.705319
0.7148657
0.7219319
0.7264623
0.7281352
0.7267703
0.7221876
0.7142068
0.7026477
0.6873261
0.6682102
0.6457372
0.6204118
0.5927384
0.5632219
0.5323668
0.5006776
0.4686592
0.4368159
0.4056093
0.3747887
0.3440905
