-0.6272822
-0.6249118
-0.6226066
-0.6203892
-0.6182821
-0.6163083
-0.6144902
-0.6128506
-0.6114122
-0.6101975
-0.6092294
-0.6085305
-0.6081234
-0.6080308
-0.6082754
-0.6088798
-0.6098668
-0.611259
-0.6130791
-0.6153497
-0.6180935
-0.6213332
-0.6250916
-0.6293911
-0.6342546
-0.6397046
-0.6457639
-0.6524395
-0.6595595
-0.66711
-0.6751413
-0.6837041
-0.692849
-0.7026262
-0.7130865
-0.7242802
-0.7362581
-0.7492345
-0.7646208
-0.7807087
-0.79494
-0.8066316
-0.8171092
-0.8268285
-0.8362451
-0.8458143
-0.855992
-0.8671802
-0.8789542
-0.8909631
-0.9030211
-0.9149426
-0.9265418
-0.937633
-0.9480305
-0.9575486
-0.9660015
-0.9732035
-0.9789689
-0.983112
-0.985447
-0.9863404
-0.9860739
-0.9843348
-0.9808106
-0.9751889
-0.9671567
-0.9564399
-0.9434122
-0.9285094
-0.9120619
-0.8944002
-0.8758548
-0.8567563
-0.8374351
-0.8182218
-0.7994469
-0.7813966
-0.763773
-0.7465673
-0.7299358
-0.7140345
-0.6990194
-0.6850466
-0.6722721
-0.660852
-0.6509424
-0.6426722
-0.6357802
-0.6301063
-0.6255817
-0.6221378
-0.619706
-0.6182175
-0.6176035
-0.6177955
-0.6187248
-0.6203113
-0.6223018
-0.6244656
