0.4522091
0.4615592
0.4710658
0.4822546
0.4950484
0.5081207
0.5202102
0.5300561
0.5363972
0.5387203
0.5378309
0.5340604
0.5277322
0.51917
0.5086973
0.4966375
0.4833141
0.4690507
0.4541709
0.4389969
0.4235944
0.4078508
0.3917451
0.3752567
0.3583647
0.3412088
0.3242973
0.3076951
0.2914312
0.2755345
0.260034
0.2449585
0.2303372
0.2161988
0.2025722
0.1894866
0.1771939
0.1655422
0.1536227
0.1410082
0.1284097
0.1167106
0.1060681
0.09522759
0.08306159
0.07006583
0.05732924
0.04518574
0.03335279
0.02185584
0.0108047
-0.0001178477
-0.01127648
-0.02257634
-0.03368325
-0.04444421
-0.05496048
-0.06523578
-0.0752667
-0.08485138
-0.09373837
-0.1016762
-0.1084135
-0.1140968
-0.1186844
-0.1210325
-0.1203493
-0.1178893
-0.1152901
-0.1124331
-0.1087544
-0.1039123
-0.09804477
-0.09137638
-0.08421823
-0.0761737
-0.06645899
-0.05492522
-0.04213262
-0.02839769
-0.01349405
0.001606632
0.01583255
0.03010236
0.04653156
0.06558241
0.08632606
0.1081169
0.1312142
0.1555702
0.1810352
0.2074598
0.2346945
0.2625897
0.2909959
0.3198093
0.3493035
0.3794624
0.4101736
0.4413249
