0.00000000
0.00700000
0.01400000
0.02100000
0.02800000
0.03500000
0.04200000
0.04900000
0.05600000
0.06300000
0.07000000
0.07700000
0.08400000
0.09100000
0.09800000
0.10500000
0.11200000
0.11900000
0.12600000
0.13300000
0.14000000
0.14700000
0.15400000
0.16100000
0.16800000
0.17500000
0.18200000
0.18900000
0.19600000
0.20300000
0.21000000
0.21700000
0.22400000
0.23100000
0.23800000
0.24500000
0.25200000
0.25900000
0.26600000
0.27300000
0.28000000
0.28700000
0.29400000
0.30100000
0.30800000
0.31500000
0.32200000
0.32900000
0.33600000
0.34300000
0.35000000
0.35700000
0.36400000
0.37100000
0.37800000
0.38500000
0.39200000
0.39900000
0.40600000
0.41300000
0.42000000
0.42700000
0.43400000
0.44100000
0.44800000
0.45500000
0.46200000
0.46900000
0.47600000
0.48300000
0.49000000
0.49700000
0.50400000
0.51100000
0.51800010
0.52500010
0.53200010
0.53900020
0.54600020
0.55300020
0.56000020
0.56700030
0.57400030
0.58100030
0.58800040
0.59500040
0.60200040
0.60900040
0.61600050
0.62300050
0.63000050
0.63700060
0.64400060
0.65100060
0.65800060
0.66500070
0.67200070
0.67900070
0.68600080
0.69300080
