-0.04136899
-0.04305918
-0.04484248
-0.04674822
-0.04880572
-0.05104433
-0.05349337
-0.0560584
-0.05940478
-0.06467512
-0.07114565
-0.07807494
-0.08508392
-0.09167943
-0.09662067
-0.09882003
-0.09830089
-0.09551189
-0.09084219
-0.08472891
-0.07826906
-0.07257858
-0.06795698
-0.06440491
-0.06200697
-0.06082489
-0.05966332
-0.05862824
-0.05805873
-0.05820056
-0.05885993
-0.05975221
-0.06062863
-0.06124039
-0.06138268
-0.06112296
-0.06059084
-0.05991187
-0.05921161
-0.0586156
-0.05824837
-0.05816036
-0.05827903
-0.05852027
-0.05879999
-0.05903409
-0.05913846
-0.05894807
-0.05836516
-0.0574263
-0.05616815
-0.0546274
-0.05284072
-0.0508448
-0.04867629
-0.04637188
-0.04398641
-0.04157382
-0.03887131
-0.03553666
-0.0312879
-0.0275007
-0.02393248
-0.02015834
-0.01640972
-0.01290987
-0.009819108
-0.006999235
-0.004392403
-0.00201276
9.935598E-05
0.001771583
0.004131846
0.007003841
0.009192966
0.0122116
0.01654268
0.02150962
0.02652887
0.03138648
0.03545554
0.03788252
0.03833388
0.03648224
0.03221744
0.02620452
0.01910038
0.01109776
0.003518351
-0.003306457
-0.008780361
-0.01316523
-0.01665626
-0.0199029
-0.02322939
-0.02687421
-0.03078871
-0.03502679
-0.04000525
-0.04189305
