-0.04120639
0.02826491
0.09383552
0.151367
0.1959531
0.2237831
0.2282301
0.2079636
0.172594
0.1315017
0.08730421
0.04304596
-0.003294144
-0.05277052
-0.106256
-0.1642294
-0.2211341
-0.2666096
-0.2962611
-0.30443
-0.2923255
-0.2637867
-0.2225127
-0.1717763
-0.1117951
-0.04243589
0.03054521
0.1020006
0.1662191
0.2172314
0.2461157
0.2478074
0.2219248
0.1764191
0.1241513
0.07067512
0.01612768
-0.03824804
-0.09286004
-0.1523825
-0.2118836
-0.2680876
-0.3110681
-0.3314976
-0.3299306
-0.3104458
-0.2756084
-0.2309301
-0.1771323
-0.1117783
-0.03674429
0.04145969
0.1157924
0.1772838
0.2226784
0.242189
0.2289227
0.1921647
0.1396681
0.07976241
0.01989883
-0.03939766
-0.09811002
-0.1585045
-0.2195719
-0.2783352
-0.3268092
-0.3599382
-0.3734411
-0.3643818
-0.3377071
-0.2983491
-0.251217
-0.1980203
-0.1351607
-0.06468701
0.01078247
0.08449101
0.1519548
0.2055457
0.2326618
0.225458
0.1895865
0.1321009
0.06822397
0.001939334
-0.06480794
-0.1322027
-0.1998404
-0.2655173
-0.3250553
-0.3742098
-0.4088247
-0.4263858
-0.4256964
-0.4059961
-0.3713467
-0.3289017
-0.2838256
-0.233044
