-0.003683898
-0.004083837
-0.004458968
-0.004792115
-0.005077356
-0.005322277
-0.005528479
-0.005768915
-0.006132247
-0.006683236
-0.007250289
-0.007821708
-0.008448248
-0.00916319
-0.009942243
-0.01077703
-0.01167485
-0.01264301
-0.01368881
-0.01481956
-0.01604257
-0.01735521
-0.01876735
-0.02048755
-0.02241867
-0.02448118
-0.02660036
-0.02870152
-0.03070997
-0.03256182
-0.03429511
-0.03592385
-0.03744684
-0.03886289
-0.04017078
-0.04136886
-0.04237356
-0.04312888
-0.0436421
-0.04392052
-0.04397143
-0.04380213
-0.04341992
-0.04283297
-0.04210415
-0.04127948
-0.04037408
-0.03940311
-0.03838174
-0.03732511
-0.03624837
-0.03516667
-0.03409518
-0.03304904
-0.03204341
-0.03109344
-0.03021428
-0.02942108
-0.02866678
-0.02786668
-0.02704386
-0.02622023
-0.02537593
-0.02446091
-0.02342446
-0.02221592
-0.02077971
-0.01913419
-0.01730069
-0.01574015
-0.01433002
-0.01283004
-0.01102867
-0.008957872
-0.006785914
-0.004645082
-0.002594361
-0.001231726
-0.0001526678
0.000958564
0.002174617
0.003472338
0.00480182
0.006089035
0.007192869
0.008012668
0.008531818
0.008711807
0.00851718
0.007968048
0.00712557
0.00605176
0.004808629
0.003420866
0.001991018
0.0005698666
-0.0007706753
-0.00204318
-0.003336894
-0.00382084
