-0.6596823
-0.6871557
-0.7146167
-0.7417794
-0.7683584
-0.7940678
-0.818622
-0.8417352
-0.8631217
-0.882496
-0.8995722
-0.914139
-0.9265664
-0.9370807
-0.9458367
-0.9529893
-0.9586934
-0.9631037
-0.9663752
-0.9686627
-0.9701211
-0.9709052
-0.9711699
-0.9710699
-0.9707093
-0.9695084
-0.9673761
-0.9644604
-0.9609091
-0.95687
-0.9524911
-0.9479203
-0.9433053
-0.9387941
-0.9345346
-0.9306746
-0.927362
-0.9247446
-0.9229704
-0.9221871
-0.9224931
-0.9236478
-0.9254631
-0.92778
-0.9304391
-0.9332812
-0.9361472
-0.9388778
-0.9413138
-0.943296
-0.944665
-0.9452618
-0.9449272
-0.9435018
-0.9408265
-0.936742
-0.9310892
-0.9237087
-0.9144408
-0.903114
-0.8897647
-0.8745137
-0.8574814
-0.8387885
-0.8185555
-0.7969031
-0.7739518
-0.7498221
-0.7246348
-0.6985103
-0.6715693
-0.6439323
-0.6160057
-0.588386
-0.5613934
-0.5353475
-0.5105675
-0.4873731
-0.4660835
-0.4470182
-0.4304966
-0.4168382
-0.4063458
-0.3990622
-0.3948885
-0.3937347
-0.3955104
-0.4001255
-0.4074897
-0.4175129
-0.4301048
-0.4451752
-0.4626338
-0.4824091
-0.5042963
-0.5279681
-0.5530968
-0.5793543
-0.6064129
-0.6339447
