-0.5189787
-0.5278907
-0.5366912
-0.5463837
-0.5575966
-0.5695673
-0.5820443
-0.5948482
-0.6077994
-0.6207184
-0.6334257
-0.6457418
-0.6574871
-0.6684822
-0.6787759
-0.6889889
-0.6991206
-0.7091157
-0.7189187
-0.7284744
-0.7377273
-0.7466221
-0.7551035
-0.7631161
-0.7706046
-0.7775134
-0.7837875
-0.7893713
-0.7942094
-0.7982466
-0.8014275
-0.8040017
-0.8063814
-0.8087546
-0.8113096
-0.8142348
-0.8177182
-0.8218517
-0.8255545
-0.8285828
-0.8310751
-0.8331699
-0.8350056
-0.8367208
-0.8384539
-0.8403434
-0.8425279
-0.8451661
-0.8486046
-0.8528813
-0.8579378
-0.8637155
-0.870156
-0.8772007
-0.8847691
-0.892488
-0.8997776
-0.906054
-0.9107333
-0.9132318
-0.9129654
-0.910287
-0.906008
-0.9002324
-0.893064
-0.884607
-0.8749651
-0.8642424
-0.8525429
-0.8399704
-0.8266289
-0.8126225
-0.7980549
-0.7830303
-0.7676526
-0.7520256
-0.7362534
-0.7204399
-0.7046891
-0.6891049
-0.6737912
-0.6588522
-0.6443915
-0.6305133
-0.6172157
-0.6042584
-0.5917196
-0.5797042
-0.5683168
-0.5576621
-0.5478449
-0.5389699
-0.5311417
-0.5244651
-0.5190448
-0.5149854
-0.5123918
-0.5114666
-0.5130782
-0.5161281
