-0.06727672
-0.0659802
-0.06466747
-0.06321916
-0.06151591
-0.05943834
-0.05688487
-0.05406518
-0.05131713
-0.04895429
-0.04728909
-0.04645892
-0.04630615
-0.04665439
-0.04732726
-0.04814838
-0.04899552
-0.05006241
-0.0513611
-0.0528582
-0.05451144
-0.05614765
-0.0577348
-0.0593043
-0.06088755
-0.06251594
-0.06422089
-0.06602115
-0.06761897
-0.0688189
-0.06955481
-0.06997541
-0.07037489
-0.07104503
-0.07227842
-0.07423551
-0.0766319
-0.07909943
-0.0812699
-0.08300275
-0.0845699
-0.08619879
-0.08811675
-0.09042513
-0.09285539
-0.09526186
-0.09750943
-0.09953666
-0.1016387
-0.1038028
-0.105956
-0.1080259
-0.1099396
-0.11148
-0.1124984
-0.1131618
-0.1136401
-0.1141033
-0.1147213
-0.115664
-0.1170504
-0.1186922
-0.1202871
-0.1215327
-0.1222429
-0.122778
-0.1233651
-0.1241995
-0.125431
-0.1267366
-0.1279572
-0.1290254
-0.1298839
-0.1309044
-0.1321993
-0.1336259
-0.1350416
-0.1363038
-0.1372699
-0.1378005
-0.1380555
-0.1382855
-0.1386242
-0.139205
-0.1401616
-0.1415349
-0.1428368
-0.1439718
-0.1449364
-0.1457272
-0.1463408
-0.1469807
-0.1479295
-0.1490815
-0.1503252
-0.1515491
-0.1526414
-0.1534908
-0.1539855
-0.1540504
