0.1843762
0.1638837
0.1433099
0.1233856
0.1048927
0.08776231
0.07069113
0.05237316
0.03272043
0.01254662
-0.007372331
-0.02763071
-0.04795183
-0.06625321
-0.08088413
-0.09256363
-0.1022817
-0.1108448
-0.1175651
-0.1231164
-0.1287193
-0.1347219
-0.1407253
-0.1468289
-0.1531326
-0.1597361
-0.1667391
-0.1743946
-0.183884
-0.1930708
-0.1989772
-0.2005658
-0.1991448
-0.1952551
-0.1890026
-0.179908
-0.1692376
-0.1582506
-0.1464143
-0.1339229
-0.1214431
-0.1093902
-0.09734066
-0.08470258
-0.0710976
-0.05681227
-0.04169992
-0.02557737
-0.008451313
0.009594278
0.02849414
0.04827636
0.06889938
0.09019382
0.1119902
0.134119
0.1564109
0.1787281
0.2013255
0.2241977
0.2472153
0.2702487
0.2931686
0.3158454
0.3381497
0.359952
0.3811229
0.4015184
0.4208312
0.4389116
0.4556714
0.4710225
0.4848768
0.4971459
0.5077418
0.5165763
0.5235612
0.5286453
0.5322078
0.5342699
0.5347019
0.533374
0.5301566
0.5249198
0.5175341
0.5078698
0.495797
0.4811213
0.4631302
0.4422488
0.4192267
0.3948137
0.3697596
0.344814
0.3205958
0.2970244
0.2739599
0.2512789
0.2288581
0.206574
