-0.1665231
-0.1588592
-0.1512785
-0.143033
-0.1336365
-0.1234441
-0.1123079
-0.1000342
-0.08663927
-0.07225399
-0.05699444
-0.04097673
-0.02431698
-0.007131286
0.01062466
0.02913562
0.04785822
0.06630484
0.08507563
0.1034712
0.1203315
0.1352247
0.1486804
0.1609796
0.172414
0.1830015
0.1923951
0.2002338
0.2061565
0.2098019
0.2108088
0.2086274
0.2036329
0.1968516
0.1890567
0.1798576
0.1689559
0.1560856
0.1411074
0.1243795
0.1063387
0.08630659
0.06468448
0.04352905
0.02430958
0.006170051
-0.01110762
-0.02763045
-0.0434014
-0.05835236
-0.07241971
-0.08553984
-0.09764905
-0.1086837
-0.1189144
-0.1286569
-0.1364336
-0.1406762
-0.1410076
-0.1388351
-0.1357127
-0.1320016
-0.1272118
-0.1216205
-0.1155049
-0.1091424
-0.1028102
-0.09678547
-0.09134549
-0.08676752
-0.08332881
-0.08115721
-0.08009542
-0.07999296
-0.08069938
-0.08206417
-0.08393687
-0.08620469
-0.08910583
-0.09232374
-0.0953657
-0.09786171
-0.1001699
-0.1028896
-0.1064579
-0.1105856
-0.1150656
-0.1197169
-0.1243585
-0.1288094
-0.1328886
-0.1363037
-0.1393767
-0.1428488
-0.1475545
-0.1534615
-0.1590528
-0.1627921
-0.1645046
-0.1652603
