-0.4805616
-0.4945838
-0.5093941
-0.524796
-0.5405931
-0.5565891
-0.5725875
-0.5883918
-0.6035034
-0.6173493
-0.6299604
-0.6413764
-0.6516376
-0.6607837
-0.6688548
-0.6758907
-0.6819316
-0.6870173
-0.6911877
-0.694483
-0.6969429
-0.6986076
-0.6997083
-0.7011967
-0.7033107
-0.7061832
-0.7099473
-0.714736
-0.7206824
-0.7279194
-0.7365801
-0.7467974
-0.7587045
-0.7724343
-0.7893059
-0.8093011
-0.8246707
-0.8348508
-0.8416932
-0.8458649
-0.8480333
-0.8488655
-0.8490287
-0.8491902
-0.8500171
-0.8521765
-0.8561045
-0.8614934
-0.8681623
-0.8759449
-0.8846746
-0.8941854
-0.9043106
-0.9148841
-0.9257395
-0.9367104
-0.9476305
-0.9583335
-0.9680956
-0.975789
-0.9812024
-0.9841395
-0.9844044
-0.981801
-0.9761331
-0.9675971
-0.9572747
-0.9454256
-0.9322519
-0.9179559
-0.9027398
-0.8868058
-0.8702722
-0.852802
-0.8341801
-0.8142269
-0.7927626
-0.7696078
-0.7445828
-0.7170374
-0.6852657
-0.654613
-0.6274215
-0.6021698
-0.5788479
-0.557446
-0.537954
-0.520362
-0.5046602
-0.4908385
-0.4788872
-0.4688658
-0.4611362
-0.4557251
-0.4526005
-0.4517307
-0.4530839
-0.4566282
-0.4624815
-0.4712255
