0.007393572
-0.02066696
-0.0486397
-0.07677102
-0.1053073
-0.134495
-0.1645804
-0.1958524
-0.2287389
-0.262497
-0.2961209
-0.3309418
-0.3662005
-0.397755
-0.4226125
-0.4424792
-0.4579805
-0.4695391
-0.4775774
-0.4825181
-0.4847837
-0.4847968
-0.4829799
-0.4797556
-0.4754189
-0.4698168
-0.4629999
-0.4550441
-0.4460252
-0.4360192
-0.4251021
-0.4133497
-0.4008379
-0.3876428
-0.3738402
-0.359506
-0.3447162
-0.3295557
-0.3140847
-0.297996
-0.2809124
-0.2624569
-0.2422523
-0.2199217
-0.1952546
-0.1685438
-0.1397248
-0.1086584
-0.07501668
-0.03939112
-0.002593949
0.03584429
0.07574283
0.1153148
0.1535317
0.1913624
0.2278248
0.2618431
0.293692
0.3235966
0.3515275
0.3774549
0.4013493
0.4231811
0.4429206
0.4605384
0.4760046
0.4892898
0.5003644
0.5091987
0.5157632
0.5200281
0.5219641
0.5215413
0.5187094
0.5135381
0.5063467
0.4974666
0.4872289
0.4759651
0.4640063
0.451722
0.4389979
0.4254398
0.4106536
0.3942453
0.3758206
0.3549019
0.3306313
0.3042254
0.2773904
0.2502915
0.2224858
0.1947679
0.1677556
0.1411639
0.1146716
0.08799846
0.0611724
0.03429379
