-0.2014857
-0.1761172
-0.150587
-0.1240314
-0.09558652
-0.06436672
-0.02974417
0.006684288
0.04385929
0.08218415
0.1208554
0.1590447
0.1959252
0.2310243
0.2644851
0.2964779
0.327173
0.3567409
0.3853519
0.4131763
0.4402802
0.4662966
0.4907479
0.5131563
0.5330442
0.5499337
0.5633471
0.5728067
0.5778348
0.5777398
0.5718371
0.5635161
0.5539837
0.541758
0.5263193
0.5071477
0.4835922
0.4547735
0.4256702
0.399771
0.3755544
0.3535529
0.3341172
0.3129877
0.2889921
0.2635002
0.2370881
0.2103315
0.1837507
0.1571242
0.1301929
0.1024873
0.07480235
0.0485613
0.02346331
-0.0006388016
-0.02273486
-0.04591477
-0.07323734
-0.1032653
-0.1343512
-0.1648663
-0.193181
-0.2182451
-0.2413385
-0.264093
-0.285916
-0.3049519
-0.3213731
-0.3356905
-0.3481126
-0.3588477
-0.3681046
-0.3760915
-0.3830169
-0.3890893
-0.3945172
-0.400213
-0.4046082
-0.4019518
-0.3907985
-0.3813186
-0.3792575
-0.3791784
-0.3761246
-0.3714028
-0.3676665
-0.3651501
-0.362933
-0.3603575
-0.3567665
-0.3520018
-0.3466603
-0.3368322
-0.320067
-0.3003693
-0.2813618
-0.261848
-0.2419049
-0.2217207
