-0.01540595
0.03877395
0.1036245
0.1747977
0.2416737
0.2821392
0.2966041
0.2857592
0.2549115
0.2092365
0.1514122
0.08988194
0.03212075
-0.02305164
-0.07624854
-0.1246924
-0.1621198
-0.1877761
-0.2065555
-0.2108569
-0.1990769
-0.1703491
-0.1311576
-0.08888023
-0.04381102
0.007841352
0.06810594
0.1340589
0.2013381
0.2516112
0.2789606
0.2806589
0.2618142
0.2270694
0.1808706
0.1251179
0.07123172
0.01756826
-0.03635227
-0.08767674
-0.133881
-0.1700157
-0.1939293
-0.2069923
-0.2042683
-0.182053
-0.1479374
-0.1091463
-0.06755751
-0.0250738
0.02369333
0.08133397
0.1491216
0.2149251
0.2590435
0.2734375
0.2649177
0.2388947
0.2006273
0.1526492
0.1003977
0.0503271
0.003786778
-0.03934746
-0.07779267
-0.1093144
-0.132827
-0.1543096
-0.1667262
-0.1650543
-0.1453645
-0.111359
-0.06861929
-0.02597915
0.01943665
0.06914461
0.1236392
0.1795168
0.2261811
0.2569543
0.2639759
0.2521943
0.2268348
0.1898938
0.1392298
0.08495046
0.03209986
-0.01643507
-0.05799867
-0.09313977
-0.1228368
-0.1461521
-0.1621158
-0.1697633
-0.1693909
-0.1540453
-0.1252022
-0.08626852
-0.04625769
-0.003165163
