0.0722877
0.1004911
0.1285311
0.1564273
0.1841992
0.2118663
0.2394482
0.2669644
0.2944343
0.3218776
0.3493138
0.3767624
0.4042428
0.4317747
0.4593776
0.4869864
0.5143877
0.541589
0.5686113
0.5954753
0.6222022
0.6488129
0.6753283
0.7017693
0.728157
0.7545122
0.780856
0.8072093
0.833593
0.8600945
0.8872463
0.915109
0.9436204
0.9727184
1.002341
1.032425
1.06291
1.093733
1.124832
1.156144
1.187607
1.21916
1.250741
1.282286
1.313734
1.345023
1.376091
1.406875
1.437313
1.467343
1.496904
1.525932
1.554366
1.582241
1.609902
1.6374
1.664745
1.691953
1.719037
1.746009
1.772884
1.799674
1.826394
1.853056
1.879673
1.90626
1.93283
1.959396
1.985971
2.012568
2.039203
2.065886
2.092633
2.119456
2.146369
2.173385
2.200517
2.22778
2.255186
2.282748
2.310481
2.338397
2.36651
2.394833
2.42338
2.452164
2.481199
2.510497
2.540072
2.569939
2.600109
2.630596
2.661415
2.692577
2.724097
2.755989
2.787966
2.819365
2.850202
2.880525
