-0.6852995
-0.7029356
-0.7211252
-0.7396326
-0.7582219
-0.7766572
-0.794703
-0.8121234
-0.8286827
-0.8441449
-0.8582745
-0.8708356
-0.8815924
-0.8903092
-0.8967887
-0.9012291
-0.9039302
-0.905172
-0.9052339
-0.9043957
-0.902937
-0.9011375
-0.899277
-0.897635
-0.8964912
-0.8959361
-0.8954021
-0.8945986
-0.8932697
-0.891159
-0.8880104
-0.8835678
-0.8775749
-0.8697755
-0.8599136
-0.8477328
-0.8331844
-0.8166529
-0.7984015
-0.7786898
-0.7577774
-0.7359239
-0.713389
-0.6904323
-0.6673134
-0.6442919
-0.6216265
-0.5992221
-0.5770499
-0.5553688
-0.5344378
-0.5145161
-0.4958625
-0.478736
-0.4633958
-0.4501007
-0.4391098
-0.4307119
-0.4253872
-0.4220419
-0.4190465
-0.4162823
-0.416572
-0.4234859
-0.4346959
-0.4421219
-0.4435495
-0.4414563
-0.4370987
-0.431733
-0.4266155
-0.4226978
-0.4198271
-0.4180067
-0.4172667
-0.4176371
-0.419148
-0.4218294
-0.4257115
-0.4308244
-0.437198
-0.4448626
-0.4537257
-0.4635648
-0.4742694
-0.4857293
-0.4978348
-0.5104758
-0.5235423
-0.5369246
-0.5505126
-0.5641963
-0.577866
-0.5914115
-0.6047229
-0.6178523
-0.6314265
-0.6436169
-0.6523444
-0.6582999
