-0.1603054
-0.1656313
-0.1711671
-0.1785779
-0.1881256
-0.1984812
-0.208708
-0.2193044
-0.2303047
-0.2416996
-0.2534797
-0.2656358
-0.2781585
-0.2910384
-0.3042662
-0.3178325
-0.3317246
-0.3457511
-0.3595674
-0.3728442
-0.3852524
-0.3964624
-0.406145
-0.413971
-0.4196182
-0.4230172
-0.4243771
-0.4239168
-0.4218548
-0.4184098
-0.4138006
-0.4082458
-0.401964
-0.395174
-0.3880945
-0.380944
-0.3739414
-0.3672955
-0.3606198
-0.3534077
-0.3453681
-0.3362095
-0.3256406
-0.3136197
-0.3004526
-0.2862296
-0.2710383
-0.2549661
-0.2381005
-0.2205291
-0.2023394
-0.1836457
-0.1646559
-0.1455979
-0.1266997
-0.1081892
-0.09021125
-0.07262772
-0.0553553
-0.03849742
-0.02185212
-0.004905751
0.01260523
0.02909305
0.04370204
0.05678429
0.06738693
0.07535809
0.0808908
0.0840024
0.08471023
0.08303162
0.07874414
0.07217524
0.06419105
0.05439985
0.04377449
0.03338192
0.0228255
0.01238331
0.001961987
-0.008192159
-0.01737759
-0.02551883
-0.03325319
-0.04101198
-0.04861141
-0.05608279
-0.06347011
-0.0708174
-0.07816865
-0.08556789
-0.09305913
-0.1006864
-0.1084936
-0.1165249
-0.1248243
-0.1334357
-0.1424958
-0.1521265
