0.1037738
0.08973606
0.07576504
0.06183591
0.04792384
0.03402076
0.02015391
0.005491985
-0.01010716
-0.02701544
-0.0444643
-0.06239441
-0.08074917
-0.09936039
-0.1178393
-0.1357558
-0.1527211
-0.1688586
-0.1849429
-0.2017223
-0.219945
-0.2403282
-0.2628409
-0.2868272
-0.311631
-0.3365962
-0.3610667
-0.3843865
-0.4058996
-0.4249499
-0.4408814
-0.45256
-0.459024
-0.4605695
-0.457514
-0.4501746
-0.4388687
-0.4239907
-0.4063214
-0.3862227
-0.3639724
-0.3398486
-0.3141291
-0.287092
-0.2590152
-0.2301327
-0.2002274
-0.1688737
-0.1356508
-0.1001377
-0.06194704
-0.02129512
0.0211871
0.06517538
0.1100649
0.1545066
0.1990757
0.2438316
0.2890481
0.3336403
0.3750608
0.4112734
0.4431758
0.4721562
0.4998794
0.5241653
0.538219
0.5448457
0.5451898
0.540372
0.5315124
0.5197318
0.5056429
0.4881436
0.4682891
0.4474266
0.4269035
0.407216
0.3874224
0.3677475
0.3484572
0.3298168
0.3120921
0.2955486
0.2804518
0.2667881
0.2540505
0.2419453
0.2301831
0.2184747
0.2065305
0.1941597
0.1817325
0.1693428
0.1570149
0.1447734
0.1326427
0.1205428
0.107352
0.1023815
