0.1225554
0.144329
0.1660799
0.1878211
0.2095653
0.2313253
0.2531137
0.2749435
0.2968273
0.3187779
0.3408081
0.3629306
0.3851582
0.4075037
0.4299799
0.4525993
0.4753751
0.4983197
0.521446
0.5447667
0.5682947
0.5920398
0.6158823
0.6397483
0.6636313
0.6875245
0.7114215
0.7353159
0.7592009
0.7830702
0.8069171
0.8307351
0.8545176
0.8782582
0.9019502
0.9255872
0.9491625
0.9726697
0.9961022
1.019454
1.042717
1.065886
1.088955
1.111916
1.134763
1.157489
1.180089
1.202555
1.224881
1.24706
1.269086
1.290952
1.312652
1.334284
1.355988
1.377766
1.399621
1.421552
1.443562
1.465652
1.487822
1.510075
1.532411
1.554832
1.577338
1.599932
1.622614
1.645386
1.668249
1.691204
1.714252
1.737395
1.760634
1.78397
1.807405
1.830939
1.854574
1.878311
1.902152
1.926098
1.950149
1.974308
1.998575
2.022952
2.047379
2.071665
2.095792
2.119759
2.143566
2.167211
2.190693
2.214012
2.237167
2.260155
2.282977
2.305631
2.328116
2.350432
2.372577
2.39455
