0.0646079
0.09648292
0.1282474
0.1599221
0.1915275
0.2230845
0.2546136
0.2861356
0.3176711
0.3492407
0.3808651
0.4126379
0.4446325
0.4768387
0.5092467
0.5418464
0.5746279
0.6075811
0.6406963
0.6739632
0.7073721
0.7409129
0.7745756
0.8083503
0.842227
0.8761957
0.9102465
0.9443693
0.9785544
1.012792
1.047071
1.081384
1.115727
1.150095
1.184485
1.218891
1.253309
1.287736
1.322166
1.356596
1.391021
1.425436
1.459838
1.494222
1.528584
1.562919
1.597224
1.631493
1.665723
1.699909
1.734046
1.768132
1.80216
1.836128
1.87003
1.903862
1.93762
1.9713
2.004896
2.038406
2.071825
2.105252
2.138786
2.172421
2.20615
2.239966
2.273862
2.307832
2.341868
2.375965
2.410115
2.444311
2.478547
2.512816
2.547112
2.581426
2.615754
2.650088
2.684421
2.718747
2.753058
2.787349
2.821612
2.85584
2.890027
2.924166
2.958251
2.992274
3.026229
3.060109
3.093907
3.127617
3.161232
3.194745
3.228149
3.261437
3.294604
3.327641
3.360543
3.393302
