0.07706015
0.1014065
0.1258122
0.1502663
0.1747579
0.1992761
0.2238099
0.2483484
0.2728808
0.2973961
0.3218835
0.3463319
0.3707305
0.3950684
0.4193347
0.4435185
0.4676087
0.4915946
0.5154652
0.5392097
0.562817
0.5862763
0.6095766
0.6327072
0.6557219
0.6788236
0.7020236
0.7253166
0.748698
0.7721626
0.7957054
0.8193215
0.8430058
0.8667535
0.8905594
0.9144186
0.9383262
0.9622771
0.9862664
1.010289
1.03434
1.058414
1.082507
1.106614
1.130728
1.154846
1.178963
1.203073
1.227172
1.251254
1.275314
1.299349
1.323351
1.347317
1.371242
1.395121
1.418948
1.442717
1.466417
1.490054
1.513641
1.537191
1.560716
1.58423
1.607745
1.631273
1.654828
1.678422
1.702068
1.725779
1.749567
1.773445
1.797426
1.821522
1.845747
1.870113
1.894632
1.919301
1.943897
1.968353
1.992672
2.016856
2.04091
2.064834
2.088633
2.112308
2.135863
2.159301
2.182623
2.205834
2.228935
2.25193
2.274821
2.297611
2.320303
2.3429
2.365404
2.387818
2.410146
2.432389
