-0.9428884
-0.9451618
-0.9424136
-0.9263542
-0.8955731
-0.8549992
-0.8088996
-0.7615418
-0.7150561
-0.6756825
-0.6546835
-0.6580388
-0.6816855
-0.7208562
-0.7716441
-0.8230042
-0.8629249
-0.889089
-0.9056506
-0.9168022
-0.9265013
-0.9339699
-0.9391518
-0.9432608
-0.9475091
-0.9514233
-0.9507981
-0.941061
-0.9176397
-0.8786642
-0.8298879
-0.7763116
-0.7196814
-0.6681014
-0.6355627
-0.6288416
-0.6452192
-0.6818057
-0.7339991
-0.7919183
-0.8449916
-0.8826867
-0.9011023
-0.9091359
-0.9164352
-0.923174
-0.9283939
-0.9325877
-0.9362482
-0.9398678
-0.944117
-0.9448869
-0.9323018
-0.8998626
-0.8526261
-0.7968742
-0.7388661
-0.6839949
-0.6376128
-0.6099181
-0.609408
-0.6337396
-0.6770249
-0.7332593
-0.794136
-0.8503894
-0.8927531
-0.9149806
-0.9243528
-0.9308213
-0.938208
-0.9429314
-0.9442754
-0.9462653
-0.948348
-0.9466183
-0.9371713
-0.9161016
-0.880033
-0.8315242
-0.7761485
-0.7178313
-0.6613569
-0.6192051
-0.6002486
-0.604293
-0.6320385
-0.6831864
-0.7487562
-0.8169861
-0.8761141
-0.9156223
-0.936438
-0.9451669
-0.9484419
-0.9512358
-0.9504862
-0.9442667
-0.9329017
-0.9199983
