0.00000000
0.00616667
0.01233333
0.01850000
0.02466667
0.03083333
0.03700000
0.04316667
0.04933333
0.05550000
0.06166667
0.06783333
0.07400000
0.08016667
0.08633333
0.09250000
0.09866667
0.10483330
0.11100000
0.11716670
0.12333330
0.12950000
0.13566670
0.14183330
0.14800000
0.15416670
0.16033330
0.16650000
0.17266670
0.17883330
0.18500000
0.19116670
0.19733330
0.20350000
0.20966670
0.21583330
0.22200000
0.22816670
0.23433330
0.24050000
0.24666670
0.25283330
0.25900000
0.26516670
0.27133330
0.27750000
0.28366670
0.28983330
0.29600000
0.30216670
0.30833330
0.31450000
0.32066670
0.32683330
0.33300000
0.33916670
0.34533330
0.35150000
0.35766670
0.36383330
0.37000000
0.37616670
0.38233330
0.38850000
0.39466670
0.40083330
0.40700000
0.41316670
0.41933330
0.42550000
0.43166670
0.43783330
0.44400000
0.45016670
0.45633330
0.46250000
0.46866670
0.47483330
0.48100000
0.48716670
0.49333330
0.49950000
0.50566670
0.51183330
0.51800000
0.52416670
0.53033340
0.53650010
0.54266680
0.54883350
0.55500020
0.56116690
0.56733360
0.57350030
0.57966700
0.58583370
0.59200040
0.59816710
0.60433380
0.61050050
