-0.8830422
-0.8897355
-0.8972015
-0.9049819
-0.9126189
-0.9196543
-0.92563
-0.9300881
-0.9325705
-0.9326191
-0.9297759
-0.9244182
-0.9160663
-0.9029773
-0.8829448
-0.8558236
-0.8263324
-0.7990597
-0.7727292
-0.7463771
-0.7201651
-0.6942554
-0.6688095
-0.6439896
-0.6199573
-0.5968748
-0.5749037
-0.5540566
-0.5333072
-0.5145781
-0.5005782
-0.4921594
-0.4880038
-0.4875655
-0.4902983
-0.4956563
-0.5030935
-0.5120637
-0.5220211
-0.5324196
-0.542713
-0.5530385
-0.5638053
-0.5748765
-0.5861152
-0.5973841
-0.6085464
-0.6194651
-0.630003
-0.6400232
-0.6493888
-0.6579626
-0.6656076
-0.6721869
-0.6775633
-0.6816
-0.6841599
-0.6851081
-0.684437
-0.6823326
-0.6789968
-0.6746318
-0.6694398
-0.6636227
-0.6573828
-0.6509221
-0.6444427
-0.6381519
-0.6323391
-0.6272908
-0.6232781
-0.620572
-0.6194434
-0.6201635
-0.6227857
-0.6267295
-0.6319043
-0.6382682
-0.6457791
-0.6543951
-0.6640742
-0.6747745
-0.686454
-0.6990707
-0.7125826
-0.7269477
-0.7421241
-0.7582313
-0.77649
-0.7948884
-0.8105592
-0.8228413
-0.8331895
-0.8419096
-0.8493077
-0.8556893
-0.8613605
-0.8666272
-0.871795
-0.87717
