0.1416156
0.1537063
0.1658739
0.1788699
0.1927651
0.207225
0.2219712
0.2367253
0.2512086
0.2650394
0.2785612
0.2927739
0.3076558
0.3227831
0.3379857
0.3530934
0.3679364
0.3823443
0.3961471
0.4091781
0.4218918
0.4347438
0.4477966
0.4611125
0.4747541
0.4887838
0.5032641
0.5182574
0.5335395
0.5488151
0.5640863
0.5793557
0.5946257
0.6098988
0.6251775
0.6404642
0.6557615
0.6710716
0.6863973
0.7017409
0.7171048
0.7324916
0.7479037
0.7633436
0.7788137
0.7943165
0.8098546
0.8254303
0.8410461
0.8567045
0.8724079
0.888159
0.90396
0.9198134
0.9357218
0.9516428
0.9675246
0.9833715
0.9991878
1.014978
1.030746
1.046496
1.062233
1.077961
1.093685
1.109408
1.125135
1.14087
1.156618
1.172383
1.188169
1.203981
1.219823
1.235699
1.251613
1.26757
1.283575
1.299631
1.315742
1.331914
1.34815
1.364456
1.380858
1.397335
1.413792
1.430133
1.446263
1.462089
1.477513
1.492443
1.506782
1.520435
1.533308
1.545305
1.556332
1.566294
1.575095
1.582641
1.588837
1.593587
