-0.08963121
-0.05729479
-0.02494286
0.007285051
0.03925619
0.07099864
0.1026833
0.1344692
0.1662436
0.1978732
0.2292702
0.2603463
0.2910134
0.3211835
0.3507685
0.3796802
0.4078305
0.435268
0.4630053
0.4893941
0.5120711
0.5305102
0.5459445
0.5586499
0.5689026
0.5769784
0.5831535
0.5876375
0.5898499
0.5898181
0.5878361
0.5841978
0.5791972
0.5731282
0.566648
0.5600846
0.5513934
0.5385091
0.5216274
0.5017298
0.4795479
0.4558133
0.4312578
0.4066129
0.3824283
0.3583396
0.3339643
0.3090621
0.2844103
0.258901
0.2308595
0.1993135
0.1652765
0.130052
0.09422277
0.05693017
0.01968108
-0.01598505
-0.05067744
-0.08422535
-0.1159104
-0.1454481
-0.1731785
-0.1993202
-0.2244131
-0.2487141
-0.2703892
-0.2874976
-0.2994787
-0.3082227
-0.3158675
-0.3229544
-0.3286317
-0.3329478
-0.3359511
-0.33769
-0.3382129
-0.3375683
-0.3358046
-0.3329701
-0.3291134
-0.3243053
-0.3186218
-0.3121184
-0.3048507
-0.2968743
-0.2882447
-0.2790176
-0.2692485
-0.2589929
-0.2483065
-0.2378402
-0.2272788
-0.2152285
-0.2004656
-0.1833636
-0.165146
-0.1469376
-0.1283528
-0.1094221
