0.08022836
0.02545834
-0.03276829
-0.09024851
-0.1391235
-0.1677716
-0.1713972
-0.147129
-0.09558633
-0.0424698
0.007296712
0.05834427
0.1140416
0.1696199
0.2207615
0.2634554
0.2919578
0.3063448
0.3104475
0.2994819
0.275089
0.2425441
0.2052102
0.1620628
0.1128037
0.05740342
-0.002349205
-0.06255381
-0.1183364
-0.1589243
-0.182224
-0.1828274
-0.1559128
-0.1153124
-0.0682145
-0.02223749
0.03063205
0.0865339
0.1417665
0.1891469
0.2281676
0.2571313
0.274338
0.2778408
0.2681682
0.2491162
0.2234531
0.1911479
0.1521262
0.1063165
0.05267484
-0.004514517
-0.06012543
-0.1038109
-0.1345187
-0.1480651
-0.1421426
-0.1169793
-0.08018681
-0.04097681
0.0002614558
0.04753215
0.1005066
0.1502244
0.1948312
0.2293094
0.2520643
0.2637974
0.2646116
0.2545742
0.2366031
0.2136165
0.1855467
0.1525233
0.1148456
0.07281297
0.02672482
-0.02520757
-0.07195312
-0.1078473
-0.1278492
-0.1335384
-0.1223737
-0.09309442
-0.06048429
-0.02196426
0.02218291
0.07066046
0.1162718
0.1576401
0.1931621
0.2209259
0.2389624
0.2467188
0.2470176
0.2427503
0.2337961
0.2181824
0.1942693
0.1635276
