0.00000000
0.01050000
0.02100000
0.03150000
0.04200000
0.05250000
0.06300000
0.07350000
0.08400000
0.09450000
0.10500000
0.11550000
0.12600000
0.13650000
0.14700000
0.15750000
0.16800000
0.17850000
0.18900000
0.19950000
0.21000000
0.22050000
0.23100000
0.24150000
0.25200000
0.26250000
0.27300000
0.28350000
0.29400010
0.30450010
0.31500010
0.32550010
0.33600010
0.34650010
0.35700010
0.36750020
0.37800020
0.38850020
0.39900020
0.40950020
0.42000020
0.43050020
0.44100030
0.45150030
0.46200030
0.47250030
0.48300030
0.49350030
0.50400030
0.51450030
0.52500030
0.53550030
0.54600040
0.55650040
0.56700040
0.57750040
0.58800040
0.59850040
0.60900040
0.61950050
0.63000050
0.64050050
0.65100050
0.66150050
0.67200050
0.68250050
0.69300060
0.70350060
0.71400060
0.72450060
0.73500060
0.74550060
0.75600060
0.76650070
0.77700070
0.78750070
0.79800070
0.80850070
0.81900070
0.82950070
0.84000070
0.85050080
0.86100080
0.87150080
0.88200080
0.89250080
0.90300080
0.91350080
0.92400090
0.93450090
0.94500090
0.95550090
0.96600090
0.97650090
0.98700090
0.99750100
1.00800100
1.01850100
1.02900100
1.03950100
