-0.7589445
-0.7930659
-0.8263662
-0.8555756
-0.8774245
-0.8899829
-0.8974891
-0.9052789
-0.9140943
-0.9199552
-0.9221207
-0.92505
-0.9295992
-0.9329922
-0.9324531
-0.9230494
-0.901073
-0.8670734
-0.8244465
-0.7801824
-0.741004
-0.7136343
-0.7027207
-0.7076491
-0.7282537
-0.7626041
-0.8038104
-0.8441685
-0.8759748
-0.8929696
-0.8994809
-0.9045228
-0.9137545
-0.9236434
-0.9294449
-0.9312737
-0.9327303
-0.936429
-0.9396827
-0.937142
-0.9237487
-0.8944933
-0.8498513
-0.7980108
-0.7473079
-0.7060783
-0.6790046
-0.6671852
-0.6749805
-0.7040654
-0.7472289
-0.7954646
-0.8397666
-0.8731917
-0.8965594
-0.9121287
-0.9221492
-0.9288706
-0.9343781
-0.9372269
-0.9376388
-0.937197
-0.9374837
-0.9374497
-0.93011
-0.9080217
-0.8685598
-0.8179317
-0.7632568
-0.711655
-0.6702459
-0.6453299
-0.6386334
-0.6527718
-0.6895431
-0.7423478
-0.8008492
-0.854696
-0.893924
-0.9164628
-0.9276072
-0.9329332
-0.9376438
-0.9401513
-0.9389844
-0.9349124
-0.9317516
-0.9270156
-0.9171841
-0.8987367
-0.8681532
-0.8236902
-0.7705371
-0.7151178
-0.6638408
-0.6231147
-0.5990676
-0.5928631
-0.6125194
-0.6545385
