0.03014299
0.04323409
0.05627891
0.06893337
0.08129551
0.09344736
0.1054005
0.1171665
0.1287571
0.1401837
0.151458
0.1625916
0.173596
0.1844829
0.1952639
0.2059505
0.2165529
0.2270385
0.2373977
0.247641
0.2577791
0.2678226
0.2777822
0.2876686
0.2974923
0.3072641
0.3169946
0.3266944
0.3363742
0.3460446
0.3557163
0.3654
0.3751063
0.3848457
0.3946291
0.404467
0.4143701
0.424349
0.4344144
0.4445769
0.4548472
0.4652359
0.4757537
0.4864112
0.4972191
0.5081831
0.5192113
0.530261
0.5413264
0.5524015
0.5634806
0.5745578
0.5856274
0.5966833
0.6077198
0.6187311
0.6297113
0.6406545
0.651555
0.6624069
0.6732043
0.6839414
0.6946124
0.7052114
0.7157326
0.7261701
0.7365181
0.7467709
0.7569224
0.7669669
0.7768985
0.7867115
0.7963999
0.8059579
0.8153797
0.8246594
0.8337913
0.842838
0.8520054
0.8613042
0.8707305
0.8802806
0.8899508
0.8997371
0.9096358
0.9196431
0.9297552
0.9399683
0.9502788
0.9606826
0.971176
0.9817554
0.9924167
1.003156
1.01397
1.024855
1.035807
1.046822
1.057896
1.069025
