-0.01650607
-0.01620309
-0.01588643
-0.01542208
-0.01479579
-0.01408213
-0.01334973
-0.01266725
-0.01210333
-0.01169449
-0.01141066
-0.01123545
-0.01115277
-0.01114653
-0.01120495
-0.01133288
-0.01150251
-0.01168051
-0.01183351
-0.01192766
-0.01188766
-0.01183258
-0.01197016
-0.0122971
-0.01277618
-0.01339478
-0.01414028
-0.01500008
-0.01597039
-0.01702619
-0.01812053
-0.01920649
-0.02023713
-0.02116964
-0.02200157
-0.02274858
-0.02342585
-0.02404859
-0.02463181
-0.02517742
-0.02567896
-0.02613275
-0.02653509
-0.02688229
-0.02714197
-0.02734924
-0.02770424
-0.02838199
-0.02915967
-0.02967605
-0.02987356
-0.03001948
-0.03032369
-0.03069208
-0.03109682
-0.03152451
-0.03196174
-0.03239508
-0.03281112
-0.03319646
-0.03353767
-0.03382135
-0.03403407
-0.0341312
-0.03413877
-0.03421301
-0.03448125
-0.03473796
-0.03470169
-0.03437829
-0.03383799
-0.03312884
-0.0322989
-0.03139625
-0.03047632
-0.02950401
-0.02839913
-0.02716368
-0.02586538
-0.0245701
-0.02334369
-0.022252
-0.02130612
-0.02048184
-0.01981873
-0.01932451
-0.01896351
-0.01869826
-0.01849131
-0.0183052
-0.01811403
-0.01792346
-0.01773322
-0.01754265
-0.0173511
-0.01715789
-0.01696237
-0.01676388
-0.01656175
-0.01635532
