0.05666463
0.05763477
0.0587428
0.06110208
0.06497577
0.06919459
0.07285404
0.07632091
0.07962511
0.08273503
0.08552915
0.08786684
0.08960749
0.09061047
0.09082716
0.09033218
0.08907802
0.08701434
0.08409075
0.08026432
0.07558939
0.07018729
0.06418053
0.05769162
0.05084308
0.04375742
0.03655715
0.02929936
0.02194728
0.01469428
0.007613761
0.0006436519
-0.006231428
-0.0130077
-0.0197446
-0.02651376
-0.0333868
-0.04043533
-0.04773099
-0.05534538
-0.06336346
-0.07180851
-0.08046468
-0.0890937
-0.09745732
-0.1053173
-0.1124353
-0.1185732
-0.1234927
-0.1269554
-0.1287233
-0.1286497
-0.1268184
-0.1233367
-0.1183117
-0.1118505
-0.1040016
-0.09479998
-0.08449745
-0.07335514
-0.06163416
-0.0494688
-0.03659656
-0.02397485
-0.0121911
-0.0009836964
0.009231542
0.01841122
0.02664474
0.03393105
0.04026914
0.04565798
0.05009654
0.05358378
0.05611739
0.05771374
0.05848055
0.05854133
0.05801956
0.05703874
0.05572237
0.05419395
0.05251895
0.05050194
0.04862824
0.04729902
0.04630797
0.04560198
0.04513879
0.04487616
0.04476007
0.04478779
0.04516332
0.0459922
0.04715757
0.04860558
0.05028348
0.05213855
0.05411804
0.05616923
