0.1738845
0.1770452
0.1801003
0.1820348
0.1828887
0.1828376
0.1818599
0.1799341
0.1770386
0.173152
0.1682527
0.1623055
0.1549727
0.1466748
0.1381689
0.1302123
0.1235619
0.1187977
0.115725
0.1140296
0.1134026
0.1135348
0.114237
0.1159981
0.1175601
0.1176943
0.1168653
0.115078
0.1120308
0.108089
0.1042211
0.1005304
0.09676988
0.0928207
0.08856402
0.08388099
0.07887028
0.07338621
0.06665074
0.05821747
0.04884618
0.03934824
0.02936694
0.01966976
0.01102361
0.003086543
-0.004545861
-0.01250895
-0.01992133
-0.02515797
-0.02817292
-0.02956756
-0.02968616
-0.02840178
-0.02576214
-0.02150659
-0.01595955
-0.01022253
-0.004507822
0.001686952
0.008818455
0.01691699
0.02520691
0.03369582
0.04226381
0.04867926
0.05185925
0.05343146
0.05526092
0.05731523
0.05859113
0.05832959
0.05683332
0.05471029
0.05166618
0.04825533
0.04611365
0.04531326
0.04531535
0.04566525
0.04636883
0.04857958
0.05319499
0.05951638
0.06638797
0.07375064
0.08172418
0.09012768
0.09878024
0.107501
0.116109
0.1244234
0.132263
0.1394718
0.1460771
0.1521601
0.1578022
0.1630847
0.168089
0.1728962
