0.06326511
0.06387198
0.06443622
0.06494027
0.06536658
0.06570326
0.06596177
0.0658021
0.06478552
0.06274019
0.06009261
0.05733296
0.05472444
0.05216862
0.04974172
0.04752267
0.04558915
0.04389155
0.04230669
0.04074894
0.03913265
0.03737221
0.03538196
0.03307151
0.0305724
0.02822755
0.02634989
0.02486208
0.02344579
0.02178645
0.01992341
0.01839914
0.01777941
0.01824284
0.01988698
0.0228926
0.02737973
0.03293483
0.03938468
0.04594065
0.05172314
0.05641482
0.06003888
0.0625831
0.06421118
0.06513144
0.06548637
0.06541845
0.06503988
0.06417883
0.06287677
0.0612537
0.05942965
0.05752462
0.05565861
0.0539033
0.05216803
0.05032827
0.04820611
0.04626516
0.04474066
0.04290616
0.04000788
0.03575942
0.03027817
0.02401315
0.01901848
0.01544257
0.01354574
0.01299024
0.01325174
0.01376024
0.01360654
0.01289269
0.0122262
0.01189476
0.01207475
0.01258729
0.01326836
0.01401252
0.01507408
0.01625403
0.01709854
0.017855
0.0187357
0.01995292
0.02171463
0.02408981
0.02703605
0.03051661
0.0344443
0.0386468
0.04294787
0.04717125
0.05114072
0.05468001
0.05766894
0.06025228
0.06263662
0.0635185
