0.00000000
0.03416667
0.06833334
0.10250000
0.13666670
0.17083330
0.20500000
0.23916670
0.27333330
0.30750000
0.34166670
0.37583330
0.41000000
0.44416670
0.47833330
0.51250000
0.54666670
0.58083340
0.61500010
0.64916680
0.68333350
0.71750020
0.75166680
0.78583350
0.82000020
0.85416690
0.88833360
0.92250030
0.95666700
0.99083370
1.02500000
1.05916700
1.09333400
1.12750000
1.16166700
1.19583400
1.23000000
1.26416700
1.29833400
1.33250100
1.36666700
1.40083400
1.43500100
1.46916700
1.50333400
1.53750100
1.57166700
1.60583400
1.64000100
1.67416800
1.70833400
1.74250100
1.77666800
1.81083400
1.84500100
1.87916800
1.91333400
1.94750100
1.98166800
2.01583400
2.05000100
2.08416700
2.11833400
2.15250100
2.18666700
2.22083400
2.25500000
2.28916700
2.32333400
2.35750000
2.39166700
2.42583300
2.46000000
2.49416600
2.52833300
2.56250000
2.59666600
2.63083300
2.66499900
2.69916600
2.73333200
2.76749900
2.80166600
2.83583200
2.86999900
2.90416500
2.93833200
2.97249800
3.00666500
3.04083200
3.07499800
3.10916500
3.14333100
3.17749800
3.21166400
3.24583100
3.27999800
3.31416400
3.34833100
3.38249700
