-0.02187877
0.02306069
0.06921477
0.1172596
0.166294
0.2154103
0.2637006
0.3101953
0.3540812
0.3950942
0.4330015
0.4675706
0.4985689
0.5257638
0.5489224
0.5674412
0.5802562
0.5874645
0.5892279
0.585708
0.5770668
0.5636009
0.547047
0.5282509
0.5076701
0.4857618
0.4629834
0.4397923
0.4166456
0.3939963
0.3720953
0.3509217
0.3304359
0.310598
0.2913683
0.2727072
0.2545747
0.2369312
0.2197368
0.202952
0.1865369
0.1704518
0.1545522
0.1385264
0.122323
0.105905
0.08923559
0.07227763
0.05496207
0.03750639
0.02112441
0.005399403
-0.009973411
-0.02491133
-0.03941227
-0.05347419
-0.06710152
-0.08041039
-0.09359623
-0.1068545
-0.1203804
-0.1342711
-0.1482178
-0.1619747
-0.1753106
-0.1879939
-0.1999122
-0.2120868
-0.2260609
-0.2430056
-0.2624454
-0.2837494
-0.3063066
-0.3295062
-0.3527373
-0.3753891
-0.3968506
-0.4165109
-0.4337434
-0.447524
-0.4571237
-0.4620175
-0.4616805
-0.4557331
-0.4450799
-0.4304742
-0.4125248
-0.3918402
-0.3690291
-0.3446955
-0.318853
-0.2912075
-0.2616709
-0.2301552
-0.1965724
-0.1608345
-0.1228534
-0.08215134
-0.03482505
-0.01689542
