0.2462105
0.2496655
0.2527871
0.2555269
0.2578366
0.2596676
0.2609716
0.2617002
0.261805
0.2612375
0.2599494
0.2578921
0.2550174
0.2512709
0.2465979
0.2410156
0.2345505
0.2272289
0.219077
0.2101214
0.2003882
0.1899055
0.1788071
0.1672911
0.1555326
0.143707
0.1319896
0.1205554
0.1095799
0.09923821
0.08960713
0.08059917
0.07224067
0.0645612
0.05759036
0.05135775
0.04589297
0.04122561
0.03727807
0.0340394
0.03296115
0.03429309
0.03605986
0.03779698
0.04095336
0.04601439
0.05202258
0.05862294
0.06613403
0.07461356
0.08374804
0.09319853
0.1026261
0.1120151
0.1213916
0.130291
0.1382459
0.1448978
0.1503731
0.1548524
0.1585111
0.1615245
0.1640679
0.1663166
0.1684459
0.1706076
0.1727094
0.1746936
0.1765371
0.1782169
0.17971
0.1809934
0.1820442
0.1828407
0.1836015
0.1844874
0.1854859
0.1865845
0.1877711
0.1890331
0.1903582
0.191734
0.193148
0.194588
0.1960416
0.1974963
0.1989655
0.2005696
0.202355
0.2043564
0.2066085
0.209146
0.2120036
0.215216
0.218818
0.2228442
0.227324
0.2320278
0.2367745
0.2415048
