0.1171928
0.1192552
0.1211729
0.1218349
0.1211813
0.1193888
0.1165169
0.1126252
0.1077723
0.1019698
0.0954062
0.08824225
0.08024746
0.07232033
0.06505606
0.05816996
0.05185241
0.04616342
0.04099295
0.03623017
0.03176426
0.0274844
0.02334074
0.01934947
0.01548272
0.01171247
0.008010678
0.00431145
0.0006313901
-0.002732011
-0.005656192
-0.008254868
-0.01057535
-0.01254034
-0.01441366
-0.01633285
-0.01825034
-0.02054442
-0.02321148
-0.02632258
-0.03011658
-0.03454709
-0.03942564
-0.04456734
-0.04978729
-0.05490735
-0.0599096
-0.06477109
-0.0694269
-0.07381209
-0.07786173
-0.08141769
-0.08477389
-0.08850706
-0.09262414
-0.09699034
-0.1015318
-0.1061746
-0.1108448
-0.1154437
-0.1198421
-0.1239134
-0.1275306
-0.1305671
-0.132896
-0.1343907
-0.1349263
-0.1344735
-0.133081
-0.130788
-0.1276335
-0.1236566
-0.1188964
-0.1133922
-0.1071834
-0.1003335
-0.09293965
-0.08510127
-0.07691792
-0.06848913
-0.05991437
-0.05129321
-0.04272594
-0.03421488
-0.02557015
-0.0166503
-0.007521082
0.001779473
0.01128174
0.02096155
0.0307492
0.04057494
0.05036908
0.06014535
0.06986658
0.07931177
0.0882585
0.09648433
0.1036809
0.1098407
