-0.04781386
-0.05624826
-0.06425644
-0.07030977
-0.0747591
-0.07656188
-0.07553076
-0.07205882
-0.06639332
-0.05878147
-0.04943517
-0.03827359
-0.02525064
-0.01019878
0.006513786
0.0247621
0.0444366
0.06315041
0.08044119
0.09794752
0.1167561
0.1360463
0.1547054
0.1716214
0.1856979
0.1965968
0.204247
0.2083823
0.2087364
0.20509
0.1977557
0.1871014
0.1734436
0.1570987
0.1375175
0.114783
0.09426459
0.07665224
0.06074028
0.04664189
0.03386731
0.0206615
0.007170191
-0.005635024
-0.01768872
-0.02872803
-0.03818899
-0.04629441
-0.05332598
-0.05906092
-0.06450918
-0.07088149
-0.0766586
-0.07945738
-0.07976577
-0.07873958
-0.07680542
-0.07300194
-0.06694415
-0.05849666
-0.04606155
-0.02946724
-0.01110438
0.008728111
0.02937343
0.04927065
0.06875587
0.0875196
0.1051827
0.1213661
0.1352709
0.1482227
0.1629479
0.1790105
0.1949477
0.2093677
0.2208783
0.2285031
0.2327171
0.2338276
0.2314086
0.2277705
0.2242187
0.2199654
0.2144561
0.2071365
0.1974629
0.1852991
0.1709415
0.1546932
0.1368576
0.1177379
0.09763739
0.07683571
0.05469348
0.03264049
0.01216999
-0.007039206
-0.02324902
-0.03587577
