-0.005933477
-0.006996082
-0.007986598
-0.008614155
-0.008939449
-0.009048423
-0.008963237
-0.008649116
-0.008071239
-0.007194784
-0.005948022
-0.00426759
-0.002639467
-0.001350848
-4.18562E-05
0.001771506
0.00388539
0.005277345
0.005789421
0.005966658
0.006030446
0.005922851
0.005808911
0.005666432
0.005376513
0.004850425
0.004283883
0.003879248
0.00353993
0.003118241
0.002607991
0.002093693
0.001469938
0.0009997885
0.001235282
0.002020123
0.002511427
0.002579527
0.002492612
0.002218854
0.00192732
0.002234337
0.003086335
0.004164243
0.005401858
0.006824668
0.008412236
0.01015977
0.01196572
0.01372494
0.01533226
0.01688547
0.01813872
0.01850275
0.01808844
0.01763539
0.01728671
0.01684042
0.01621057
0.01544846
0.01463746
0.01377717
0.01281189
0.01179934
0.01058156
0.008765089
0.006532691
0.004983539
0.004243149
0.003901031
0.003779854
0.003978751
0.004603105
0.005670969
0.006584866
0.007199382
0.007658107
0.007998807
0.008201268
0.008212801
0.008006036
0.007754073
0.007602795
0.007363982
0.006760707
0.005870553
0.005070046
0.004392817
0.00380215
0.003316686
0.002924053
0.002640905
0.002498359
0.002163336
0.00154117
0.0006946003
-0.0004229115
-0.001772554
-0.003139432
-0.004531254
