0.00000000
0.02366667
0.04733334
0.07100001
0.09466667
0.11833330
0.14200000
0.16566670
0.18933330
0.21300000
0.23666670
0.26033330
0.28400000
0.30766670
0.33133340
0.35500000
0.37866670
0.40233340
0.42600010
0.44966680
0.47333340
0.49700010
0.52066680
0.54433350
0.56800010
0.59166680
0.61533350
0.63900020
0.66266690
0.68633350
0.71000020
0.73366690
0.75733360
0.78100030
0.80466690
0.82833360
0.85200030
0.87566700
0.89933370
0.92300030
0.94666700
0.97033370
0.99400040
1.01766700
1.04133400
1.06500000
1.08866700
1.11233400
1.13600000
1.15966700
1.18333300
1.20700000
1.23066700
1.25433300
1.27800000
1.30166600
1.32533300
1.34900000
1.37266600
1.39633300
1.42000000
1.44366600
1.46733300
1.49099900
1.51466600
1.53833300
1.56199900
1.58566600
1.60933300
1.63299900
1.65666600
1.68033200
1.70399900
1.72766600
1.75133200
1.77499900
1.79866600
1.82233200
1.84599900
1.86966500
1.89333200
1.91699900
1.94066500
1.96433200
1.98799800
2.01166500
2.03533200
2.05899800
2.08266500
2.10633200
2.12999800
2.15366500
2.17733100
2.20099800
2.22466500
2.24833100
2.27199800
2.29566500
2.31933100
2.34299800
