0.02719783
0.02824213
0.02920027
0.03000051
0.03057111
0.03084033
0.03073642
0.03021633
0.02932399
0.02807921
0.02649951
0.02460246
0.02240558
0.01992641
0.0171825
0.0141888
0.01094147
0.007446304
0.003674459
-0.0001864229
-0.004114546
-0.008007701
-0.01181845
-0.01557284
-0.01926505
-0.02288931
-0.02643981
-0.02991076
-0.03329637
-0.03659085
-0.03978839
-0.0428832
-0.04588722
-0.04883023
-0.05169341
-0.05445581
-0.05709648
-0.05959447
-0.06196185
-0.06437763
-0.0668583
-0.06938753
-0.07193284
-0.07427406
-0.0763477
-0.07815614
-0.07970174
-0.08098685
-0.08201418
-0.08283721
-0.08348376
-0.08393968
-0.08419088
-0.08422321
-0.08402257
-0.08357481
-0.08286583
-0.0818815
-0.08060769
-0.07905778
-0.07731729
-0.0754007
-0.07331607
-0.07107141
-0.06867476
-0.06613415
-0.06345764
-0.06065324
-0.05772899
-0.05469292
-0.05155309
-0.0483175
-0.0449942
-0.04159123
-0.03813
-0.03466399
-0.0312511
-0.0279492
-0.02484498
-0.02181101
-0.01864313
-0.01539723
-0.01204378
-0.008635039
-0.005362189
-0.002199763
0.0008319967
0.003729819
0.006351018
0.00869426
0.01094979
0.01312265
0.01525554
0.01738545
0.01932601
0.02100613
0.02247989
0.02379122
0.02498402
0.02610223
