0.5119104
0.4995568
0.4867856
0.4694592
0.4466418
0.4212551
0.3957977
0.3695695
0.3424236
0.3144076
0.2855688
0.2559117
0.2245526
0.1931458
0.163794
0.1354305
0.1106328
0.09135466
0.07666612
0.06736584
0.06373401
0.06548564
0.07270128
0.0862985
0.1034723
0.1212635
0.140636
0.1635274
0.191622
0.2232378
0.2552351
0.2875489
0.3206063
0.3541968
0.38811
0.4221354
0.4561029
0.4896757
0.522313
0.5534722
0.5826104
0.6093025
0.6340522
0.657046
0.678337
0.6979781
0.7160221
0.732522
0.7475306
0.7611009
0.7732857
0.784138
0.7937106
0.8020566
0.8092287
0.8152798
0.8202629
0.8242232
0.8269671
0.8282307
0.8277993
0.8254579
0.8209918
0.8145875
0.8070907
0.7988905
0.7903638
0.7818876
0.7737629
0.7656398
0.7574186
0.74911
0.7407249
0.7322739
0.7237679
0.7152178
0.706634
0.6980276
0.6894093
0.6807898
0.6721798
0.6635903
0.6550319
0.6465155
0.6380517
0.6296513
0.6213252
0.6130841
0.6049388
0.5969
0.5889786
0.5811852
0.5735308
0.5660259
0.5586815
0.5513841
0.5436915
0.5372545
0.5339162
0.5330656
