-0.7510362
-0.7607831
-0.7708533
-0.7811838
-0.791712
-0.802375
-0.81311
-0.8238541
-0.8345445
-0.8451185
-0.8555131
-0.8656656
-0.8755131
-0.8849929
-0.8940421
-0.9025979
-0.9105975
-0.9179115
-0.9236415
-0.9275523
-0.9296824
-0.9300702
-0.9287541
-0.9257727
-0.9211645
-0.9149679
-0.9072214
-0.8979634
-0.8876702
-0.8770227
-0.8661315
-0.8551038
-0.8440467
-0.8330673
-0.8222727
-0.8117701
-0.8016666
-0.7920693
-0.7830854
-0.7748219
-0.767386
-0.7608849
-0.7554256
-0.7511152
-0.7480499
-0.7459922
-0.7445985
-0.7435883
-0.7426811
-0.7415968
-0.7400548
-0.7377747
-0.7344761
-0.7298786
-0.7237019
-0.7159373
-0.7070462
-0.6971883
-0.6865144
-0.6751754
-0.663322
-0.6511052
-0.6386757
-0.6261843
-0.6137818
-0.6016191
-0.5898471
-0.5786702
-0.5689278
-0.5609556
-0.5548723
-0.5507965
-0.5488467
-0.5491415
-0.5517995
-0.5569393
-0.5642692
-0.5730368
-0.5826693
-0.5925938
-0.6022378
-0.6110283
-0.6188118
-0.6263472
-0.6337042
-0.6409122
-0.6480006
-0.6549986
-0.6619357
-0.6688411
-0.6757443
-0.6826746
-0.6896613
-0.6967338
-0.7039216
-0.7112538
-0.7187599
-0.7264692
-0.7344111
-0.7426149
