-0.8772897
-0.8883128
-0.8999055
-0.9118612
-0.9239732
-0.936035
-0.9478401
-0.9591817
-0.9691978
-0.9767673
-0.9820065
-0.9850509
-0.986059
-0.9870254
-0.9852683
-0.9768386
-0.9641613
-0.94911
-0.9334015
-0.9187523
-0.905192
-0.8909047
-0.8752368
-0.857538
-0.8371912
-0.8149744
-0.791714
-0.7677455
-0.7434043
-0.7190258
-0.6949453
-0.6714984
-0.6490204
-0.6278467
-0.6080915
-0.5893867
-0.5720442
-0.5564321
-0.5429184
-0.5318712
-0.5236584
-0.5184671
-0.5155184
-0.5146357
-0.5157762
-0.5188972
-0.5239561
-0.5309103
-0.5397169
-0.5503334
-0.562717
-0.5762232
-0.5900834
-0.6040689
-0.6179512
-0.6315017
-0.6444917
-0.6566927
-0.6678761
-0.6778132
-0.686316
-0.6935522
-0.69968
-0.704825
-0.7091128
-0.7126688
-0.7156186
-0.7180876
-0.7202014
-0.7220857
-0.7235176
-0.7242895
-0.7246601
-0.7248891
-0.7252362
-0.7259611
-0.7273235
-0.7295832
-0.7329998
-0.737833
-0.7443425
-0.7527871
-0.7628552
-0.7738445
-0.7853162
-0.7968316
-0.8079519
-0.8182381
-0.8272516
-0.8345535
-0.839705
-0.842516
-0.8442514
-0.8455365
-0.8468248
-0.84857
-0.8512257
-0.8552453
-0.8611255
-0.8690137
