0.00000000
0.00800000
0.01600000
0.02400000
0.03200000
0.04000000
0.04800000
0.05600001
0.06400000
0.07200000
0.08000001
0.08800001
0.09600001
0.10400000
0.11200000
0.12000000
0.12800000
0.13600000
0.14400000
0.15200000
0.16000000
0.16800000
0.17600000
0.18400000
0.19200000
0.20000000
0.20800000
0.21600000
0.22400000
0.23200000
0.24000000
0.24800000
0.25600000
0.26400000
0.27200000
0.28000000
0.28800000
0.29599990
0.30399990
0.31199990
0.31999990
0.32799990
0.33599990
0.34399990
0.35199980
0.35999980
0.36799980
0.37599980
0.38399980
0.39199980
0.39999980
0.40799980
0.41599970
0.42399970
0.43199970
0.43999970
0.44799970
0.45599970
0.46399970
0.47199960
0.47999960
0.48799960
0.49599960
0.50399960
0.51199960
0.51999960
0.52799960
0.53599970
0.54399970
0.55199970
0.55999970
0.56799970
0.57599970
0.58399980
0.59199980
0.59999980
0.60799980
0.61599980
0.62399980
0.63199990
0.63999990
0.64799990
0.65599990
0.66399990
0.67199990
0.67999990
0.68800000
0.69600000
0.70400000
0.71200000
0.72000000
0.72800000
0.73600010
0.74400010
0.75200010
0.76000010
0.76800010
0.77600010
0.78400020
0.79200020
