0.00000000
0.00633333
0.01266667
0.01900000
0.02533334
0.03166667
0.03800000
0.04433334
0.05066667
0.05700000
0.06333333
0.06966667
0.07600001
0.08233334
0.08866668
0.09500001
0.10133330
0.10766670
0.11400000
0.12033340
0.12666670
0.13300000
0.13933340
0.14566670
0.15200000
0.15833340
0.16466670
0.17100000
0.17733340
0.18366670
0.19000010
0.19633340
0.20266670
0.20900010
0.21533340
0.22166670
0.22800010
0.23433340
0.24066670
0.24700010
0.25333340
0.25966670
0.26600010
0.27233340
0.27866670
0.28500000
0.29133330
0.29766670
0.30400000
0.31033330
0.31666660
0.32300000
0.32933330
0.33566660
0.34199990
0.34833320
0.35466660
0.36099990
0.36733320
0.37366650
0.37999980
0.38633320
0.39266650
0.39899980
0.40533310
0.41166650
0.41799980
0.42433310
0.43066640
0.43699970
0.44333310
0.44966640
0.45599970
0.46233300
0.46866630
0.47499970
0.48133300
0.48766630
0.49399960
0.50033300
0.50666630
0.51299970
0.51933300
0.52566640
0.53199970
0.53833310
0.54466640
0.55099980
0.55733310
0.56366650
0.56999980
0.57633320
0.58266650
0.58899990
0.59533320
0.60166660
0.60799990
0.61433330
0.62066660
0.62700000
