-0.04517058
-0.1029169
-0.1585029
-0.2068603
-0.2398362
-0.261903
-0.2774084
-0.2869533
-0.2870364
-0.2745784
-0.2502517
-0.2140917
-0.1662575
-0.103882
-0.02562348
0.06011643
0.1402579
0.2042342
0.2381355
0.2402781
0.2135191
0.1621956
0.1044311
0.04487785
-0.0141601
-0.07471332
-0.1340323
-0.188183
-0.2318372
-0.2664994
-0.2938366
-0.3135054
-0.3179505
-0.3086405
-0.2868626
-0.2539037
-0.2115584
-0.1559142
-0.08432441
0.004760593
0.09855026
0.1853225
0.2497602
0.276621
0.2688756
0.2300398
0.1718814
0.1072505
0.03968907
-0.02728372
-0.09371859
-0.1582183
-0.2187623
-0.2718045
-0.3136078
-0.3442196
-0.3604303
-0.3585107
-0.3394668
-0.3083183
-0.2690811
-0.2201276
-0.1581424
-0.07989834
0.008702617
0.1005961
0.1872872
0.2451619
0.270619
0.2619162
0.2221943
0.1657363
0.09940632
0.02922937
-0.04349826
-0.1163421
-0.1866458
-0.2500444
-0.3015388
-0.3418211
-0.3728862
-0.3908727
-0.3909925
-0.3728322
-0.3478327
-0.3148188
-0.2718725
-0.2171062
-0.1480725
-0.06747754
0.02044207
0.1018036
0.1644943
0.1996149
0.197673
0.1628585
0.1037031
0.03134074
-0.04287752
-0.1166417
