0.01151317
0.03358766
0.05550663
0.07866983
0.1043892
0.1323647
0.1609762
0.1887053
0.2159799
0.2426528
0.2681071
0.2917262
0.3128932
0.3309913
0.3455899
0.3571271
0.3659882
0.3725295
0.3771079
0.3800798
0.3818019
0.3826308
0.382923
0.3830353
0.3833241
0.3841462
0.385858
0.3890163
0.395339
0.4021104
0.405505
0.4041269
0.3996612
0.3929039
0.3846511
0.3756988
0.366843
0.3589123
0.3524426
0.346223
0.3387413
0.3294885
0.3191423
0.3079706
0.2962417
0.2842234
0.2721839
0.2603925
0.2489977
0.2378485
0.2267548
0.2155267
0.2039741
0.191907
0.1792635
0.1660901
0.1518486
0.135974
0.1183669
0.09947642
0.07977888
0.05893709
0.03710112
0.01547841
-0.00507329
-0.02506095
-0.04458962
-0.06371321
-0.08255289
-0.1009165
-0.1185363
-0.1351444
-0.1504728
-0.1642539
-0.1762693
-0.1865393
-0.1950775
-0.2018902
-0.2069834
-0.2103636
-0.2120367
-0.2120091
-0.210287
-0.2068766
-0.2017982
-0.1951635
-0.1871092
-0.1777704
-0.1672826
-0.1557811
-0.1434012
-0.1302784
-0.1165479
-0.1023451
-0.08779417
-0.07285405
-0.0573607
-0.04112632
-0.02393313
-0.006223161
