0.00000000
0.03700000
0.07400001
0.11100000
0.14800000
0.18500000
0.22200000
0.25900000
0.29600000
0.33300000
0.37000000
0.40700000
0.44400000
0.48100000
0.51800010
0.55500010
0.59200010
0.62900010
0.66600010
0.70300010
0.74000010
0.77700010
0.81400010
0.85100010
0.88800010
0.92500010
0.96200010
0.99900010
1.03600000
1.07300000
1.11000000
1.14700000
1.18400000
1.22100000
1.25800000
1.29500100
1.33200100
1.36900100
1.40600100
1.44300100
1.48000100
1.51700100
1.55400100
1.59100100
1.62800100
1.66500100
1.70200100
1.73900100
1.77600100
1.81300100
1.85000100
1.88700200
1.92400200
1.96100200
1.99800200
2.03500200
2.07200200
2.10900200
2.14600200
2.18300200
2.22000100
2.25700100
2.29400100
2.33100100
2.36800100
2.40500100
2.44200100
2.47900100
2.51600100
2.55300100
2.59000100
2.62700100
2.66400100
2.70100100
2.73800100
2.77500100
2.81200100
2.84900000
2.88600000
2.92300000
2.96000000
2.99700000
3.03400000
3.07100000
3.10800000
3.14500000
3.18200000
3.21900000
3.25600000
3.29300000
3.33000000
3.36700000
3.40400000
3.44100000
3.47799900
3.51499900
3.55199900
3.58899900
3.62599900
3.66299900
