0.00000000
0.01950000
0.03900000
0.05850000
0.07800000
0.09750000
0.11700000
0.13650000
0.15600000
0.17550000
0.19500000
0.21450000
0.23400000
0.25350000
0.27300000
0.29250000
0.31200000
0.33150000
0.35100000
0.37049990
0.38999990
0.40949990
0.42899990
0.44849990
0.46799990
0.48749990
0.50699990
0.52649990
0.54599990
0.56549990
0.58499990
0.60449990
0.62400000
0.64350000
0.66300000
0.68250000
0.70200000
0.72150000
0.74100010
0.76050010
0.78000010
0.79950010
0.81900010
0.83850010
0.85800020
0.87750020
0.89700020
0.91650020
0.93600020
0.95550020
0.97500030
0.99450030
1.01400000
1.03350000
1.05300000
1.07250000
1.09200000
1.11150000
1.13100000
1.15050000
1.17000000
1.18950000
1.20900000
1.22850000
1.24800100
1.26750100
1.28700100
1.30650100
1.32600100
1.34550100
1.36500100
1.38450100
1.40400100
1.42350100
1.44300100
1.46250100
1.48200100
1.50150100
1.52100100
1.54050100
1.56000100
1.57950100
1.59900100
1.61850100
1.63800100
1.65750100
1.67700100
1.69650100
1.71600100
1.73550100
1.75500100
1.77450100
1.79400100
1.81350100
1.83300100
1.85250100
1.87200100
1.89150100
1.91100100
1.93050100
