0.03908362
0.03821145
0.03733156
0.03649712
0.0357613
0.03517728
0.03479821
0.03467377
0.03478762
0.0351042
0.03559603
0.03623559
0.03699538
0.03784792
0.03876569
0.0397212
0.04068695
0.04163675
0.04256904
0.04348904
0.04439888
0.04530073
0.04619672
0.04708901
0.04797973
0.04887104
0.04976507
0.05066403
0.05158113
0.05255174
0.0536137
0.05480486
0.05616304
0.05772611
0.05951132
0.06147161
0.06360152
0.06589999
0.06836597
0.07099841
0.07379625
0.07681852
0.08004086
0.08333709
0.08658107
0.0896466
0.09240753
0.09474244
0.09663197
0.09811028
0.09920391
0.09993938
0.1003432
0.100442
0.1002622
0.09983033
0.09917298
0.09831665
0.09728789
0.0961132
0.09481913
0.09343221
0.09197895
0.09048592
0.08896963
0.08741361
0.08581939
0.08419058
0.08253081
0.08084367
0.07913278
0.07740174
0.07565418
0.0738937
0.07212391
0.07034841
0.06857084
0.06679475
0.06502914
0.06329532
0.0616161
0.06001431
0.05851281
0.05713439
0.05588539
0.05471835
0.05361683
0.05256787
0.05155852
0.05057582
0.04960679
0.04863849
0.04765794
0.0466522
0.04561243
0.04454798
0.04346565
0.04237158
0.04127191
0.04017277
