0.00000000
0.00500000
0.01000000
0.01500000
0.02000000
0.02500000
0.03000000
0.03500000
0.04000000
0.04499999
0.04999999
0.05499999
0.05999999
0.06499999
0.06999999
0.07500000
0.08000000
0.08500000
0.09000000
0.09500001
0.10000000
0.10500000
0.11000000
0.11500000
0.12000000
0.12500000
0.13000000
0.13500000
0.14000000
0.14500000
0.15000000
0.15500000
0.16000000
0.16500000
0.17000000
0.17500000
0.18000000
0.18500000
0.19000000
0.19499990
0.19999990
0.20499990
0.20999990
0.21499990
0.21999990
0.22499990
0.22999990
0.23499990
0.23999990
0.24499990
0.24999990
0.25499990
0.25999990
0.26499990
0.26999990
0.27499990
0.27999990
0.28499990
0.28999990
0.29499990
0.29999990
0.30499990
0.30999990
0.31499980
0.31999980
0.32499980
0.32999980
0.33499980
0.33999980
0.34499980
0.34999980
0.35499980
0.35999980
0.36499980
0.36999980
0.37499980
0.37999980
0.38499980
0.38999980
0.39499980
0.39999980
0.40499980
0.40999980
0.41499980
0.41999970
0.42499970
0.42999970
0.43499970
0.43999970
0.44499970
0.44999970
0.45499970
0.45999970
0.46499970
0.46999970
0.47499970
0.47999970
0.48499970
0.48999970
0.49499970
