-0.9617988
-0.9656922
-0.9691151
-0.9720777
-0.9745899
-0.9766617
-0.9783029
-0.9795235
-0.9803336
-0.9807431
-0.9807618
-0.9803998
-0.9796671
-0.9785736
-0.9771292
-0.9753439
-0.9732277
-0.9707905
-0.9680423
-0.9649929
-0.9616491
-0.9578428
-0.9533104
-0.9477886
-0.9410136
-0.9327221
-0.9226504
-0.9105349
-0.8961122
-0.8791186
-0.8592907
-0.8366646
-0.8125167
-0.7883614
-0.7657101
-0.746074
-0.7309644
-0.7215731
-0.7166826
-0.7155325
-0.7176163
-0.7224274
-0.7294592
-0.7382051
-0.7481587
-0.7588132
-0.7696621
-0.7804748
-0.7912555
-0.8018051
-0.8119247
-0.8214149
-0.8300765
-0.8377103
-0.8441172
-0.8490978
-0.8524532
-0.8539839
-0.8534992
-0.8511647
-0.8473899
-0.8425859
-0.8371639
-0.8315352
-0.8261111
-0.8213026
-0.8182898
-0.8180001
-0.8200007
-0.823852
-0.8291144
-0.8353484
-0.8421144
-0.848973
-0.8554845
-0.8612094
-0.8657082
-0.8691611
-0.8726103
-0.8760964
-0.8796285
-0.8832158
-0.8868673
-0.8905922
-0.8943993
-0.898298
-0.9022973
-0.9064062
-0.9106338
-0.9149893
-0.9194817
-0.9241201
-0.9289137
-0.9338713
-0.9390023
-0.9443156
-0.9496511
-0.9544314
-0.9582869
-0.9608616
