-0.03926388
-0.04608379
-0.05289002
-0.05980573
-0.06675417
-0.07353479
-0.08091188
-0.0896579
-0.09963746
-0.1106787
-0.1227669
-0.1358872
-0.1500248
-0.165165
-0.1813827
-0.1987011
-0.2165913
-0.2344916
-0.2518404
-0.2680759
-0.2826366
-0.29529
-0.3061986
-0.3153929
-0.322903
-0.3287596
-0.3329929
-0.3356334
-0.3367115
-0.3362575
-0.3343019
-0.330875
-0.3260073
-0.3197292
-0.312071
-0.3030631
-0.292736
-0.2811188
-0.2682691
-0.2543441
-0.2395163
-0.2239581
-0.2078421
-0.1913407
-0.1746264
-0.1578717
-0.1412489
-0.1249154
-0.1087902
-0.09281206
-0.07696721
-0.06097591
-0.04504062
-0.02987048
-0.01585769
-0.00260338
0.009427706
0.0197357
0.02845033
0.03562404
0.04117949
0.04496014
0.04709253
0.04792393
0.04755252
0.04569789
0.04303059
0.04020988
0.03686891
0.03324873
0.02989963
0.02681198
0.02388784
0.02154516
0.01997069
0.0188891
0.01878384
0.020224
0.02359062
0.02798611
0.03228752
0.03689471
0.04173605
0.04498081
0.04512813
0.0427651
0.03899615
0.03478599
0.02965054
0.02385895
0.01809579
0.0126309
0.007141171
0.001421845
-0.004741153
-0.01132407
-0.01798529
-0.02438864
-0.03055208
-0.03662068
