-0.7380552
-0.7346543
-0.7303438
-0.7251291
-0.7190157
-0.7120091
-0.7041146
-0.6953376
-0.6856836
-0.675158
-0.6637663
-0.6515139
-0.6384062
-0.6244977
-0.6102472
-0.5961168
-0.5825374
-0.5699393
-0.5587535
-0.5494106
-0.5423413
-0.5379794
-0.5367178
-0.538348
-0.5424877
-0.5487547
-0.5567668
-0.5661419
-0.5764978
-0.5874522
-0.5986229
-0.6096278
-0.6200848
-0.6296114
-0.6379136
-0.6451423
-0.6514628
-0.657028
-0.6619909
-0.6665047
-0.6707223
-0.6747967
-0.678881
-0.6831282
-0.6876913
-0.6927234
-0.6983775
-0.7048066
-0.7121634
-0.7205125
-0.7297481
-0.7397527
-0.7504089
-0.7615993
-0.7732064
-0.7851126
-0.7972007
-0.8093531
-0.8214524
-0.8333811
-0.8450217
-0.8562568
-0.866969
-0.8770407
-0.8863547
-0.8947106
-0.9013255
-0.9060397
-0.9088631
-0.9098055
-0.9088767
-0.9060866
-0.9014449
-0.8949615
-0.8866462
-0.8765087
-0.8651855
-0.8534216
-0.8413901
-0.8292643
-0.8172172
-0.805422
-0.7940518
-0.7832798
-0.7732791
-0.7642227
-0.7562841
-0.749636
-0.7444518
-0.7409046
-0.739063
-0.7381008
-0.7376941
-0.7377066
-0.7380018
-0.738443
-0.738894
-0.7392184
-0.7392794
-0.7389408
