0.1749671
0.145514
0.1159617
0.08561338
0.05456495
0.02543448
-0.0001421496
-0.02628392
-0.05652493
-0.08909397
-0.1227383
-0.1581746
-0.1911062
-0.2190741
-0.2449781
-0.2713187
-0.2971582
-0.3219265
-0.3451416
-0.3663216
-0.3855972
-0.4034663
-0.4198312
-0.4345926
-0.4476513
-0.4589081
-0.4682637
-0.475619
-0.4808747
-0.4838583
-0.4840024
-0.4814306
-0.4764175
-0.4692373
-0.4601647
-0.449474
-0.4373942
-0.4233949
-0.4073994
-0.3896088
-0.3702242
-0.3494468
-0.3274779
-0.3045186
-0.2807701
-0.2564335
-0.2316812
-0.2063069
-0.1798588
-0.1518818
-0.1219205
-0.08971253
-0.05540986
-0.01890158
0.01983074
0.05882448
0.09788955
0.1370843
0.1759792
0.2141446
0.2511511
0.2865691
0.3199666
0.3509263
0.3802507
0.4095904
0.4381703
0.4611392
0.4773979
0.4909126
0.5036987
0.5145336
0.5233272
0.5299937
0.5344628
0.5373116
0.5391026
0.5401592
0.540805
0.5412317
0.5404733
0.5380061
0.533505
0.5266452
0.5177518
0.507148
0.4915387
0.4694009
0.4452474
0.4220648
0.398722
0.3756052
0.3531203
0.3316701
0.311236
0.2911372
0.2706639
0.2491058
0.2257431
0.2005273
